0.0016
40 2  freq  0.0594
40 1  freq  0.0704
17 42  freq  0.0546
17 12 7 32 27 37 22  freq  0.0831
17 32 2  freq  0.0546
17 32 1  freq  0.0567
17 37 22 2  freq  0.0555
17 37 1  freq  0.0596
17 22 1  freq  0.057
42 37  freq  0.073
42 22  freq  0.0582
42 16  freq  0.056
42 2  freq  0.0735
42 1  freq  0.0752
41 12 7 32  freq  0.0558
41 12 7 27 22  freq  0.0558
41 12 7 37  freq  0.0551
41 12 32 22  freq  0.0548
41 12 37 22  freq  0.0558
41 7 32 22  freq  0.0558
41 7 37 22  freq  0.0555
41 32 27 22  freq  0.0589
41 32 37  freq  0.0551
41 27 37 22  freq  0.056
41 16  freq  0.0632
41 2  freq  0.0785
41 1  freq  0.0821
6 11 36 21  freq  0.0663
6 11 21 31  freq  0.0694
6 11 21 26  freq  0.0718
6 11 21 16  freq  0.0555
6 11 2  freq  0.0555
6 11 1  freq  0.0675
6 36 21 31  freq  0.0567
6 36 21 26  freq  0.0594
6 36 16  freq  0.0618
6 21 31 26  freq  0.061
6 21 1  freq  0.0596
6 31 16  freq  0.0603
6 26 16  freq  0.0575
6 39  freq  0.0575
12 7 32 27 37 2 22  freq  0.0548
12 7 32 27 37 1 22  freq  0.056
12 7 16  freq  0.062
12 22 16  freq  0.0553
11 36 21 31  freq  0.0608
11 36 21 26  freq  0.0646
11 36 16  freq  0.0682
11 36 1  freq  0.0567
11 21 31 26  freq  0.0627
11 21 2  freq  0.0577
11 21 1  freq  0.0639
11 31 16  freq  0.0606
11 26 16  freq  0.0594
11 26 1  freq  0.0555
11 39  freq  0.0615
14 9 19 29 34 24 4  freq  0.0579
14 9 0  freq  0.0577
14 19 29 0  freq  0.0546
14 19 34 0  freq  0.056
14 19 39  freq  0.0608
14 29 39  freq  0.0596
14 34 39  freq  0.0622
14 24 0  freq  0.0548
14 4 0  freq  0.0548
14 1  freq  0.0582
36 21 31 26  freq  0.0553
36 21 16  freq  0.0737
36 21 2  freq  0.0555
36 21 1  freq  0.0596
36 31 16  freq  0.0627
36 26 16  freq  0.0546
36 16 1  freq  0.0546
36 39  freq  0.0548
9 19 29 34 4 0  freq  0.0548
9 19 29 34 39  freq  0.0575
9 19 29 24 0  freq  0.0579
9 19 29 4 39  freq  0.0548
9 19 34 24 0  freq  0.0579
9 19 34 4 39  freq  0.0582
9 19 24 4 0  freq  0.0603
9 19 24 39  freq  0.0577
9 1  freq  0.056
7 27 16  freq  0.0558
7 22 16  freq  0.0591
25 30 20 35  freq  0.0637
25 30 20 5 10  freq  0.0668
25 30 35 10  freq  0.0555
25 20 35 5 10  freq  0.068
25 20 15 10  freq  0.0546
25 20 39  freq  0.0548
25 20 1  freq  0.0551
25 15 5  freq  0.0553
25 2  freq  0.0666
25 0  freq  0.0558
32 22 16  freq  0.0579
21 31 16  freq  0.0771
21 31 2  freq  0.0613
21 31 1  freq  0.067
21 26 16  freq  0.0761
21 26 2  freq  0.0599
21 26 1  freq  0.0673
21 15  freq  0.0563
21 39  freq  0.0613
31 26 16  freq  0.0579
31 15  freq  0.0558
31 39  freq  0.0613
19 29 34 24 0  freq  0.056
19 29 34 4 39  freq  0.0548
19 29 24 4 0  freq  0.0572
19 29 24 39  freq  0.0601
19 34 24 4 0  freq  0.056
19 34 24 39  freq  0.061
19 24 4 39  freq  0.0572
19 39 0  freq  0.0553
30 20 35 5 10  freq  0.0654
30 20 15 10  freq  0.0555
30 20 39  freq  0.056
30 20 1  freq  0.0594
30 35 15  freq  0.0639
30 15 5  freq  0.0575
30 2  freq  0.0685
26 35  freq  0.0558
26 15  freq  0.0596
26 39  freq  0.0675
33 18 23 38 28 3 8 13 0  freq  0.1044
29 39 0  freq  0.0567
27 22 16  freq  0.0634
34 1  freq  0.0558
37 16  freq  0.0713
20 35 15 5  freq  0.0548
20 35 15 10  freq  0.0618
20 35 39  freq  0.0603
20 15 5 10  freq  0.062
20 5 39  freq  0.0567
20 5 1  freq  0.0584
20 10 39  freq  0.0615
20 10 1  freq  0.0613
20 2  freq  0.0656
4 1  freq  0.0584
35 15 5 10  freq  0.057
35 5 39  freq  0.0577
35 10 39  freq  0.0625
35 2  freq  0.0699
35 1  freq  0.085
15 39  freq  0.0855
15 2  freq  0.0713
15 1  freq  0.0826
5 10 39  freq  0.0673
5 10 1  freq  0.0651
5 16  freq  0.0572
5 2  freq  0.0701
5 0  freq  0.0587
10 16  freq  0.0565
10 2  freq  0.0737
10 0  freq  0.0565
16 39  freq  0.0608
16 2  freq  0.1065
39 2  freq  0.0862
39 1  freq  0.1077