0.0037
40 17 12 7 32 27 22 37  freq  0.0153
40 17 12 1  freq  0.0101
40 17 7 37 1  freq  0.0101
40 17 32 27 22 1  freq  0.0101
40 17 32 37 22 1  freq  0.0103
40 17 27 37 1  freq  0.0103
40 17 2  freq  0.0105
40 6 11 36 21 31 26  freq  0.0105
40 6 11 36 21 16  freq  0.0115
40 6 11 36 21 1  freq  0.0103
40 6 11 21 31 16  freq  0.0108
40 6 11 21 31 1  freq  0.0103
40 6 11 21 26 16  freq  0.0117
40 6 11 21 26 1  freq  0.0103
40 6 11 2  freq  0.0124
40 6 36 21 26 16  freq  0.011
40 6 36 21 26 1  freq  0.0101
40 6 36 31 16  freq  0.011
40 6 36 31 1  freq  0.011
40 6 21 2  freq  0.011
40 6 26 2  freq  0.0105
40 6 35  freq  0.0101
40 6 15  freq  0.0129
40 6 16 2  freq  0.0103
40 6 16 1  freq  0.0117
40 12 7 32 27 37 2 22  freq  0.0108
40 12 7 32 27 37 1 22  freq  0.0122
40 12 7 32 27 22 16  freq  0.0101
40 12 7 37 16  freq  0.0108
40 12 37 22 16  freq  0.0103
40 11 36 21 31 16  freq  0.0101
40 11 36 21 26 16  freq  0.011
40 11 36 31 1  freq  0.0101
40 11 36 16 1  freq  0.0105
40 11 36 2  freq  0.0115
40 11 21 26 2  freq  0.0105
40 11 31 2  freq  0.0108
40 11 27  freq  0.0108
40 11 15  freq  0.0117
40 11 16 2  freq  0.0105
40 14 9 34  freq  0.011
40 14 19 34  freq  0.0108
40 14 29 34  freq  0.0101
40 14 24  freq  0.0101
40 14 4  freq  0.0101
40 36 7  freq  0.0103
40 36 32  freq  0.0108
40 36 21 31 26 16  freq  0.0101
40 36 21 31 1  freq  0.0124
40 36 21 16 1  freq  0.0103
40 36 21 2  freq  0.0122
40 36 26 2  freq  0.0105
40 36 27  freq  0.0129
40 36 15  freq  0.0122
40 36 16 2  freq  0.011
40 9 19 29 34 24  freq  0.0108
40 9 19 29 34 4  freq  0.011
40 9 19 29 24 4  freq  0.0103
40 9 19 34 24 4  freq  0.0115
40 7 37 22 16  freq  0.0105
40 25 30 20 35 10  freq  0.0105
40 25 30 20 5 10  freq  0.0122
40 25 20 35 15 10  freq  0.0103
40 25 20 35 5 10  freq  0.0148
40 25 20 15 5 10  freq  0.011
40 25 20 1  freq  0.0105
40 32 37 22 16  freq  0.0101
40 21 31 26 2  freq  0.0103
40 21 31 26 1  freq  0.0122
40 21 15  freq  0.0117
40 21 16 2  freq  0.012
40 31 27  freq  0.0105
40 31 35  freq  0.0113
40 31 15  freq  0.0136
40 31 5  freq  0.0103
40 31 10  freq  0.0103
40 31 16 2  freq  0.0115
40 31 16 1  freq  0.0127
40 19 29 34 24 4  freq  0.0101
40 30 26  freq  0.0103
40 30 20 35 15 10  freq  0.0101
40 30 20 35 5 10  freq  0.0132
40 30 20 15 5  freq  0.0103
40 30 15 5 10  freq  0.0101
40 30 2  freq  0.0117
40 30 0  freq  0.0105
40 30 1  freq  0.0127
40 26 35  freq  0.0122
40 26 15  freq  0.0144
40 26 10  freq  0.0103
40 26 16 2  freq  0.0108
40 26 16 1  freq  0.0108
40 27 37 22 16  freq  0.0113
40 27 16 2  freq  0.0101
40 27 16 1  freq  0.0117
40 20 35 15 5 10  freq  0.0129
40 20 35 0  freq  0.0103
40 20 5 0  freq  0.0101
40 20 10 0  freq  0.0101
40 20 10 1  freq  0.0105
40 20 2  freq  0.012
40 18 23  freq  0.0101
40 18 3  freq  0.0101
40 23 3  freq  0.0105
40 3 8  freq  0.0101
40 35 2  freq  0.0124
40 35 1  freq  0.0144
40 15 2  freq  0.0134
40 15 0  freq  0.0113
40 15 1  freq  0.0156
40 5 10 0  freq  0.0103
40 5 10 1  freq  0.0113
40 5 16  freq  0.0115
40 5 2  freq  0.0115
40 13  freq  0.0101
40 10 16  freq  0.0101
40 10 2  freq  0.012
17 42 6  freq  0.0124
17 42 12 7 32 27 37 2 22  freq  0.0113
17 42 12 7 32 27 37 1 22  freq  0.0129
17 42 11  freq  0.0139
17 42 21  freq  0.0124
17 42 31 37  freq  0.0103
17 42 26 37 22  freq  0.0101
17 42 26 2  freq  0.0105
17 41 12 7 32 27 37 2 22  freq  0.0187
17 41 12 7 32 27 37 1 22  freq  0.0168
17 6 11 21  freq  0.0136
17 6 11 31  freq  0.011
17 6 11 26  freq  0.0117
17 6 11 37  freq  0.0113
17 6 11 1  freq  0.012
17 6 36  freq  0.0122
17 6 32  freq  0.0124
17 6 21 31  freq  0.011
17 6 21 26  freq  0.011
17 6 31 26  freq  0.0103
17 6 22  freq  0.0122
17 6 2  freq  0.0129
17 12 7 26  freq  0.0108
17 12 31  freq  0.0103
17 12 26 37 22  freq  0.0103
17 12 39  freq  0.0101
17 11 36 21  freq  0.0108
17 11 32  freq  0.0148
17 11 21 31  freq  0.0115
17 11 21 26  freq  0.012
17 11 21 1  freq  0.0105
17 11 27  freq  0.0108
17 11 37 22  freq  0.0103
17 11 2  freq  0.0144
17 36 32  freq  0.0103
17 36 21 26  freq  0.0101
17 36 31  freq  0.0101
17 36 1  freq  0.0122
17 7 32 26  freq  0.0103
17 7 26 37  freq  0.0115
17 7 26 22  freq  0.0105
17 25  freq  0.0124
17 32 26 37  freq  0.011
17 32 26 22  freq  0.0105
17 32 39  freq  0.0115
17 21 31 26  freq  0.0108
17 21 37  freq  0.0113
17 21 2  freq  0.0115
17 31 37 22  freq  0.0101
17 31 2  freq  0.0141
17 31 1  freq  0.0132
17 26 37 2  freq  0.0124
17 26 22 2  freq  0.0103
17 26 1  freq  0.0146
17 27 22 39  freq  0.0105
17 37 39  freq  0.0108
17 5  freq  0.012
17 10  freq  0.0101
42 6 11 36 21  freq  0.011
42 6 11 21 31  freq  0.0134
42 6 11 21 26  freq  0.0127
42 6 11 31 26  freq  0.012
42 6 11 37  freq  0.0115
42 6 11 16  freq  0.0132
42 6 11 2  freq  0.0122
42 6 11 1  freq  0.0127
42 6 36 21 26  freq  0.0101
42 6 36 31  freq  0.0108
42 6 36 16  freq  0.011
42 6 25  freq  0.0115
42 6 21 31 26  freq  0.0124
42 6 21 31 2  freq  0.0101
42 6 21 37  freq  0.0105
42 6 21 16  freq  0.0132
42 6 21 1  freq  0.0105
42 6 31 37  freq  0.012
42 6 31 16  freq  0.0113
42 6 26 37  freq  0.0108
42 6 26 16  freq  0.011
42 6 26 2  freq  0.0108
42 12 7 26 37 22  freq  0.0101
42 12 7 37 22 16  freq  0.0113
42 12 32 26  freq  0.0103
42 12 31  freq  0.0108
42 11 36 21 31  freq  0.0101
42 11 36 26  freq  0.0113
42 11 36 16  freq  0.0115
42 11 25  freq  0.0132
42 11 21 31 26  freq  0.0113
42 11 21 16  freq  0.0122
42 11 21 2  freq  0.0122
42 11 21 1  freq  0.0113
42 11 31 2  freq  0.0113
42 11 26 16  freq  0.0108
42 11 26 2  freq  0.0103
42 14  freq  0.0184
42 36 25 30  freq  0.011
42 36 25 20  freq  0.0113
42 36 25 5 10  freq  0.0115
42 36 25 16  freq  0.0117
42 36 25 1  freq  0.0105
42 36 21 16  freq  0.0144
42 36 21 2  freq  0.0113
42 36 21 1  freq  0.0105
42 36 31 16  freq  0.012
42 36 30 20  freq  0.0105
42 36 30 5  freq  0.011
42 36 20 5  freq  0.0108
42 36 20 10  freq  0.0108
42 36 5 16  freq  0.0113
42 36 5 1  freq  0.0113
42 36 16 2  freq  0.0108
42 36 16 1  freq  0.0103
42 9 19 29 24 4  freq  0.011
42 9 19 34 4  freq  0.0101
42 9 19 15  freq  0.0101
42 9 24 4 15  freq  0.0105
42 9 24 35  freq  0.0105
42 9 4 35  freq  0.0103
42 7 32 26  freq  0.0113
42 7 32 16  freq  0.0105
42 25 21 31  freq  0.0115
42 25 21 5  freq  0.0115
42 25 21 16  freq  0.0101
42 25 31 5  freq  0.0108
42 25 31 10  freq  0.0108
42 25 30 20 5 10  freq  0.0141
42 25 30 35  freq  0.0105
42 25 30 5 1  freq  0.0101
42 25 30 16  freq  0.0105
42 25 30 2  freq  0.0101
42 25 37  freq  0.0101
42 25 20 35 5 10  freq  0.0108
42 25 20 5 1  freq  0.0105
42 25 20 10 1  freq  0.0101
42 25 20 16  freq  0.0108
42 25 20 2  freq  0.0103
42 25 15  freq  0.012
42 25 5 10 16  freq  0.0122
42 25 5 10 1  freq  0.0144
42 25 5 2  freq  0.0122
42 25 10 2  freq  0.0117
42 32 26 37 22  freq  0.0103
42 32 37 16  freq  0.0103
42 32 22 16  freq  0.011
42 21 31 37  freq  0.0115
42 21 31 16  freq  0.0153
42 21 31 1  freq  0.0124
42 21 26 16  freq  0.0132
42 21 26 2  freq  0.0113
42 21 26 1  freq  0.0101
42 21 5 10  freq  0.0105
42 21 16 2  freq  0.0122
42 31 26 37  freq  0.012
42 31 26 16  freq  0.0115
42 31 26 2  freq  0.0113
42 31 37 22  freq  0.0105
42 31 37 2  freq  0.011
42 31 5 10  freq  0.0117
42 31 16 2  freq  0.0105
42 19 24 15  freq  0.0101
42 30 20 35 5 10  freq  0.0101
42 30 20 15  freq  0.0101
42 30 20 5 1  freq  0.0101
42 30 20 10 1  freq  0.0103
42 30 20 16  freq  0.0101
42 30 20 2  freq  0.011
42 30 24  freq  0.012
42 30 5 10 1  freq  0.0115
42 30 5 16  freq  0.0108
42 30 5 2  freq  0.0101
42 30 10 16  freq  0.0108
42 30 10 2  freq  0.0105
42 26 37 2  freq  0.0132
42 26 37 1  freq  0.0115
42 37 16 2  freq  0.0115
42 37 16 1  freq  0.011
42 20 24  freq  0.0122
42 20 35 15  freq  0.0103
42 20 15 10  freq  0.0113
42 20 5 10 1  freq  0.0124
42 20 5 16  freq  0.0108
42 20 10 16  freq  0.0117
42 20 10 2  freq  0.0117
42 24 4 35  freq  0.0134
42 24 4 2  freq  0.0108
42 24 10  freq  0.0115
42 24 1  freq  0.0113
42 35 2  freq  0.0148
42 35 1  freq  0.0146
42 15 5 10  freq  0.0108
42 15 2  freq  0.0136
42 15 1  freq  0.0153
42 5 10 2  freq  0.0132
42 5 16 1  freq  0.0103
42 0  freq  0.0172
41 6 11 36 21 31  freq  0.012
41 6 11 36 21 26  freq  0.0122
41 6 11 36 16  freq  0.0124
41 6 11 21 31 26  freq  0.0105
41 6 11 21 16  freq  0.0134
41 6 11 21 2  freq  0.011
41 6 11 31 16  freq  0.0101
41 6 11 26 16  freq  0.0103
41 6 11 1  freq  0.0136
41 6 36 21 16  freq  0.0127
41 6 36 21 2  freq  0.0101
41 6 36 1  freq  0.0113
41 6 32  freq  0.0105
41 6 21 31 16  freq  0.0124
41 6 21 26 16  freq  0.0129
41 6 21 1  freq  0.012
41 6 31 2  freq  0.011
41 6 26 2  freq  0.0108
41 6 26 1  freq  0.011
41 6 27  freq  0.0103
41 6 37  freq  0.0101
41 6 16 2  freq  0.0117
41 6 16 1  freq  0.0101
41 12 36  freq  0.0105
41 12 7 32 27 37 16 22  freq  0.0108
41 12 7 27 16 1  freq  0.0113
41 12 7 16 2  freq  0.0101
41 12 31  freq  0.011
41 12 26  freq  0.0101
41 12 37 16 1  freq  0.0105
41 12 22 16 1  freq  0.0105
41 11 36 21 31 26  freq  0.0103
41 11 36 21 16  freq  0.012
41 11 36 2  freq  0.0122
41 11 36 1  freq  0.0136
41 11 32  freq  0.0122
41 11 21 31 16  freq  0.0113
41 11 21 26 16  freq  0.0124
41 11 21 26 1  freq  0.0117
41 11 31 1  freq  0.0117
41 11 27  freq  0.0117
41 11 15  freq  0.0103
41 11 16 2  freq  0.0105
41 11 16 1  freq  0.0117
41 14 9 4  freq  0.0105
41 14 19 34  freq  0.0101
41 14 19 24  freq  0.0105
41 14 19 4  freq  0.0103
41 14 29  freq  0.012
41 36 7  freq  0.0148
41 36 32  freq  0.0148
41 36 21 31 16  freq  0.0129
41 36 21 26 16  freq  0.0132
41 36 21 26 1  freq  0.011
41 36 31 1  freq  0.011
41 36 27 16  freq  0.0108
41 36 15  freq  0.012
41 36 16 2  freq  0.0136
41 36 16 1  freq  0.012
41 9 19 29 34 24 4  freq  0.0105
41 7 21  freq  0.011
41 7 31  freq  0.0122
41 7 26  freq  0.011
41 7 27 22 16 1  freq  0.011
41 7 37 16 1  freq  0.0101
41 25 30 20 35 10  freq  0.0105
41 25 30 20 5 10  freq  0.012
41 25 20 35 5 10  freq  0.0129
41 25 20 15  freq  0.0108
41 25 15 10  freq  0.0108
41 25 16  freq  0.0105
41 25 2  freq  0.0141
41 25 1  freq  0.0127
41 32 26  freq  0.0113
41 32 16 2  freq  0.0122
41 32 16 1  freq  0.0122
41 21 31 26 16  freq  0.0117
41 21 31 2  freq  0.0129
41 21 31 1  freq  0.0136
41 21 26 2  freq  0.0139
41 21 15  freq  0.011
41 21 16 2  freq  0.0134
41 21 16 1  freq  0.0117
41 31 26 1  freq  0.0101
41 31 27  freq  0.0127
41 31 37  freq  0.012
41 31 15  freq  0.0101
41 31 16 2  freq  0.0108
41 31 16 1  freq  0.0132
41 19 2  freq  0.011
41 30 20 35 5 10  freq  0.0105
41 30 20 1  freq  0.0101
41 30 15  freq  0.0136
41 30 16  freq  0.0115
41 30 2  freq  0.0144
41 26 37  freq  0.0108
41 26 16 2  freq  0.0113
41 26 16 1  freq  0.0103
41 27 16 2  freq  0.0108
41 37 22 16 1  freq  0.0103
41 22 16 2  freq  0.0105
41 20 35 15  freq  0.0101
41 20 35 1  freq  0.0101
41 20 15 5  freq  0.0101
41 20 15 10  freq  0.0108
41 20 5 1  freq  0.0105
41 20 10 1  freq  0.0103
41 20 2  freq  0.011
41 24 2  freq  0.0105
41 24 1  freq  0.0108
41 4 2  freq  0.0105
41 35 16  freq  0.0105
41 35 2  freq  0.0139
41 15 5 10  freq  0.011
41 15 2  freq  0.0127
41 15 1  freq  0.0153
41 5 16  freq  0.0105
41 5 2  freq  0.011
41 10 16  freq  0.0108
41 10 2  freq  0.0132
41 0  freq  0.0199
6 12 36  freq  0.0105
6 12 21  freq  0.0105
6 12 31  freq  0.0115
6 12 26  freq  0.0101
6 12 16  freq  0.0115
6 12 2  freq  0.0108
6 11 36 25  freq  0.0113
6 11 36 32 21  freq  0.0103
6 11 36 32 26  freq  0.0103
6 11 36 32 1  freq  0.0105
6 11 36 21 31 26 16 1  freq  0.0113
6 11 36 21 31 26 2  freq  0.0148
6 11 36 21 31 15  freq  0.0103
6 11 36 21 31 16 2  freq  0.0139
6 11 36 21 31 39  freq  0.0129
6 11 36 21 26 15  freq  0.0122
6 11 36 21 26 16 2  freq  0.0129
6 11 36 21 26 39  freq  0.0139
6 11 36 21 27  freq  0.0101
6 11 36 21 16 39  freq  0.012
6 11 36 21 39 1  freq  0.0101
6 11 36 31 27  freq  0.0122
6 11 36 31 16 39  freq  0.0115
6 11 36 30  freq  0.0146
6 11 36 27 16  freq  0.0122
6 11 36 27 1  freq  0.011
6 11 36 22  freq  0.0105
6 11 36 15 1  freq  0.0101
6 11 36 39 2  freq  0.0103
6 11 25 21  freq  0.0117
6 11 25 31  freq  0.0108
6 11 25 2  freq  0.0101
6 11 32 21 26  freq  0.0113
6 11 32 27  freq  0.0101
6 11 32 22  freq  0.0122
6 11 32 16  freq  0.0134
6 11 21 31 26 15  freq  0.0127
6 11 21 31 26 16 2  freq  0.0127
6 11 21 31 26 39  freq  0.0148
6 11 21 31 27  freq  0.012
6 11 21 31 37  freq  0.0105
6 11 21 31 35  freq  0.0124
6 11 21 31 16 39  freq  0.0136
6 11 21 31 39 1  freq  0.0113
6 11 21 30 26  freq  0.0115
6 11 21 26 37  freq  0.0101
6 11 21 26 35  freq  0.0113
6 11 21 26 16 39  freq  0.0127
6 11 21 26 39 1  freq  0.012
6 11 21 15 39  freq  0.0103
6 11 21 15 2  freq  0.011
6 11 21 15 1  freq  0.0124
6 11 21 39 2  freq  0.0129
6 11 31 26 16 39  freq  0.0101
6 11 31 27 16  freq  0.012
6 11 31 15 1  freq  0.0108
6 11 31 39 2  freq  0.0117
6 11 30 20  freq  0.0115
6 11 30 15  freq  0.0122
6 11 30 1  freq  0.0113
6 11 26 15 1  freq  0.0122
6 11 26 39 2  freq  0.0105
6 11 27 22  freq  0.0144
6 11 27 39  freq  0.011
6 11 27 2  freq  0.0103
6 11 37 22  freq  0.0105
6 11 37 16  freq  0.0124
6 11 37 2  freq  0.0122
6 11 37 1  freq  0.0115
6 11 22 16  freq  0.0113
6 11 22 1  freq  0.012
6 11 35 15  freq  0.0134
6 11 35 39  freq  0.0134
6 11 35 1  freq  0.0136
6 11 16 39 1  freq  0.0113
6 11 0  freq  0.0113
6 36 32 16  freq  0.0124
6 36 21 31 26 16 2  freq  0.0122
6 36 21 31 26 39  freq  0.011
6 36 21 31 27  freq  0.0105
6 36 21 31 16 39  freq  0.011
6 36 21 30  freq  0.0103
6 36 21 26 16 39  freq  0.0103
6 36 31 27 16  freq  0.0108
6 36 27 22  freq  0.012
6 36 15 2  freq  0.0117
6 25 21 31  freq  0.0115
6 25 30 20  freq  0.0127
6 25 20 35  freq  0.0122
6 25 20 15  freq  0.0103
6 25 20 10  freq  0.0101
6 25 16  freq  0.0122
6 25 1  freq  0.0122
6 32 26 16  freq  0.0103
6 32 26 1  freq  0.0105
6 32 27 22  freq  0.0139
6 32 37 22  freq  0.0101
6 32 22 1  freq  0.0113
6 32 2  freq  0.0151
6 21 31 26 35  freq  0.0103
6 21 31 26 16 39  freq  0.0115
6 21 31 15 1  freq  0.0113
6 21 31 39 2  freq  0.0117
6 21 26 15 2  freq  0.0103
6 21 26 15 1  freq  0.0117
6 21 26 39 2  freq  0.0115
6 21 27 16  freq  0.0103
6 21 37 16  freq  0.0113
6 21 35 15  freq  0.0115
6 21 35 39  freq  0.0117
6 21 35 1  freq  0.0124
6 21 10  freq  0.0129
6 21 16 39 1  freq  0.0108
6 31 26 37  freq  0.0136
6 31 26 39 1  freq  0.0101
6 31 27 1  freq  0.0122
6 31 37 16  freq  0.011
6 31 37 2  freq  0.0117
6 31 22  freq  0.0113
6 31 35 15  freq  0.0113
6 31 35 39  freq  0.0117
6 31 35 1  freq  0.0108
6 31 15 39  freq  0.0105
6 31 15 2  freq  0.0117
6 31 10  freq  0.0136
6 31 16 39 1  freq  0.0105
6 30 26 15  freq  0.0105
6 30 26 1  freq  0.0105
6 30 20 35  freq  0.0141
6 30 20 15  freq  0.0113
6 30 35 15  freq  0.0108
6 30 10  freq  0.0113
6 30 16  freq  0.0132
6 30 39  freq  0.0146
6 30 2  freq  0.0141
6 26 37 16  freq  0.0108
6 26 37 2  freq  0.011
6 26 22  freq  0.0103
6 26 20  freq  0.0101
6 26 35 15  freq  0.0139
6 26 35 39  freq  0.0139
6 26 35 1  freq  0.0122
6 26 15 39  freq  0.0132
6 26 10  freq  0.0136
6 27 37  freq  0.0105
6 27 22 16  freq  0.0117
6 27 22 1  freq  0.0127
6 27 16 1  freq  0.0113
6 22 2  freq  0.0141
6 20 35 15  freq  0.012
6 20 35 10  freq  0.0122
6 20 35 39  freq  0.011
6 20 2  freq  0.011
6 20 1  freq  0.0117
6 35 15 10  freq  0.0101
6 35 15 39  freq  0.0129
6 35 15 1  freq  0.0103
6 35 16  freq  0.0122
6 35 39 1  freq  0.012
6 35 2  freq  0.0153
6 15 39 1  freq  0.0103
6 10 39  freq  0.0113
6 10 2  freq  0.0124
6 10 1  freq  0.011
6 16 39 2  freq  0.0117
12 36 7 32 27 22  freq  0.011
12 36 7 32 16  freq  0.0113
12 36 7 27 16  freq  0.012
12 36 7 2  freq  0.0103
12 36 7 1  freq  0.0115
12 36 32 27 22 16  freq  0.0101
12 36 21 31  freq  0.0105
12 36 21 26  freq  0.0101
12 36 21 16  freq  0.0115
12 36 27 1  freq  0.0108
12 36 16 2  freq  0.0115
12 36 16 1  freq  0.012
12 7 32 26 37 22  freq  0.0113
12 7 32 26 2  freq  0.0108
12 7 32 27 37 16 2 22  freq  0.0148
12 7 32 27 37 16 1 22  freq  0.0134
12 7 32 27 37 39 22  freq  0.0115
12 7 21 26  freq  0.0115
12 7 21 16  freq  0.0108
12 7 31 26  freq  0.0103
12 7 31 27 37  freq  0.0101
12 7 31 27 22  freq  0.0108
12 7 31 37 22  freq  0.0136
12 7 31 37 16  freq  0.0103
12 7 31 2  freq  0.0105
12 7 31 1  freq  0.0132
12 7 26 37 2  freq  0.0122
12 7 26 16  freq  0.0144
12 7 26 1  freq  0.012
12 7 16 39  freq  0.0101
12 7 39 2  freq  0.0108
12 32 39 2  freq  0.0101
12 21 31 26  freq  0.0117
12 21 31 16  freq  0.0127
12 21 26 16  freq  0.0127
12 21 37  freq  0.0101
12 21 2  freq  0.0134
12 21 1  freq  0.0124
12 31 26 37  freq  0.011
12 31 26 16  freq  0.0105
12 31 27 37 22  freq  0.0103
12 31 27 16  freq  0.0115
12 31 27 1  freq  0.0105
12 31 37 2  freq  0.0108
12 31 37 1  freq  0.0117
12 31 22 1  freq  0.0103
12 31 16 1  freq  0.0122
12 26 37 22 2  freq  0.0108
12 26 37 16  freq  0.0124
12 26 37 1  freq  0.011
12 26 16 2  freq  0.0101
12 26 16 1  freq  0.0101
12 27 22 16 39  freq  0.0101
12 27 39 2  freq  0.0105
12 27 39 1  freq  0.0105
12 22 39 2  freq  0.0105
11 36 7 21  freq  0.0134
11 36 7 16  freq  0.0105
11 36 32 21 26  freq  0.0129
11 36 32 22  freq  0.0108
11 36 32 16  freq  0.0163
11 36 32 2  freq  0.0124
11 36 21 31 26 15  freq  0.0105
11 36 21 31 26 16 2  freq  0.0124
11 36 21 31 26 39  freq  0.0122
11 36 21 31 27  freq  0.0129
11 36 21 31 16 39  freq  0.0127
11 36 21 30  freq  0.011
11 36 21 26 16 39  freq  0.0124
11 36 21 15 1  freq  0.012
11 36 21 39 2  freq  0.0124
11 36 31 27 16  freq  0.0122
11 36 31 27 1  freq  0.0105
11 36 31 39 2  freq  0.0108
11 36 31 39 1  freq  0.0108
11 36 30 26  freq  0.0103
11 36 26 39 1  freq  0.0108
11 36 27 22  freq  0.0139
11 36 27 16 1  freq  0.0101
11 36 27 39  freq  0.012
11 36 27 2  freq  0.0117
11 36 22 16  freq  0.0113
11 36 20  freq  0.0113
11 36 15 39  freq  0.0117
11 36 15 2  freq  0.0127
11 36 5  freq  0.0129
11 36 16 39 2  freq  0.011
11 36 16 39 1  freq  0.0105
11 7 32 22  freq  0.0105
11 7 21 31  freq  0.0105
11 7 21 26  freq  0.012
11 7 27 22  freq  0.0108
11 7 2  freq  0.0136
11 7 1  freq  0.0151
11 25 21 31  freq  0.011
11 25 30 20  freq  0.0129
11 25 35  freq  0.0101
11 25 15  freq  0.012
11 25 5  freq  0.0134
11 25 16  freq  0.0134
11 25 1  freq  0.0134
11 32 21 16  freq  0.011
11 32 21 1  freq  0.011
11 32 26 16  freq  0.0124
11 32 26 2  freq  0.0103
11 32 26 1  freq  0.0117
11 32 27 22  freq  0.0165
11 32 27 1  freq  0.0113
11 32 37 22  freq  0.0115
11 32 22 16  freq  0.012
11 32 22 1  freq  0.0127
11 32 16 2  freq  0.0105
11 32 16 1  freq  0.0117
11 32 39  freq  0.0117
11 21 31 26 35  freq  0.011
11 21 31 26 16 39  freq  0.0122
11 21 31 26 39 1  freq  0.0105
11 21 31 15 39  freq  0.0103
11 21 31 15 1  freq  0.0144
11 21 31 5  freq  0.0105
11 21 31 39 2  freq  0.0136
11 21 26 15 39  freq  0.0115
11 21 26 15 2  freq  0.0108
11 21 26 15 1  freq  0.0141
11 21 26 5  freq  0.0103
11 21 26 39 2  freq  0.0139
11 21 27 16  freq  0.011
11 21 27 1  freq  0.011
11 21 35 15  freq  0.0122
11 21 35 39  freq  0.0127
11 21 35 1  freq  0.0124
11 21 16 39 2  freq  0.0115
11 21 16 39 1  freq  0.0103
11 31 26 37  freq  0.0124
11 31 26 15 1  freq  0.0103
11 31 26 39 2  freq  0.0108
11 31 27 39  freq  0.0105
11 31 37 2  freq  0.0101
11 31 22  freq  0.0117
11 31 35 15  freq  0.0108
11 31 35 39  freq  0.0113
11 31 35 1  freq  0.0113
11 31 15 2  freq  0.0113
11 31 16 39 2  freq  0.011
11 30 26 15  freq  0.0103
11 30 26 1  freq  0.0105
11 30 20 35  freq  0.0108
11 30 20 1  freq  0.0103
11 30 5  freq  0.0115
11 30 16  freq  0.0144
11 30 39  freq  0.0136
11 30 2  freq  0.0129
11 26 37 16  freq  0.0105
11 26 37 2  freq  0.0103
11 26 35 15  freq  0.0127
11 26 35 39  freq  0.0129
11 26 35 1  freq  0.0129
11 27 37 22  freq  0.0108
11 27 22 16  freq  0.0146
11 27 22 1  freq  0.0148
11 27 16 39  freq  0.0101
11 27 16 2  freq  0.0103
11 22 16 1  freq  0.0108
11 22 2  freq  0.0153
11 20 15  freq  0.0124
11 20 5  freq  0.0103
11 20 39  freq  0.0105
11 35 15 39  freq  0.0122
11 35 15 1  freq  0.0103
11 35 5  freq  0.011
11 35 16  freq  0.0124
11 35 39 1  freq  0.011
11 35 2  freq  0.0127
11 15 39 1  freq  0.0134
11 5 16  freq  0.0122
11 5 39  freq  0.0101
11 5 2  freq  0.0122
11 5 1  freq  0.0122
14 9 25 19 29 34  freq  0.0103
14 9 25 19 34 4  freq  0.0105
14 9 25 39  freq  0.0108
14 9 19 29 34 24 38 4 0  freq  0.0101
14 9 19 29 34 24 4 39 0  freq  0.0177
14 9 19 29 34 24 4 2  freq  0.0124
14 9 19 29 34 24 4 1  freq  0.0134
14 9 19 29 39 1  freq  0.0105
14 9 19 34 39 1  freq  0.0115
14 9 19 4 39 1  freq  0.0108
14 9 30  freq  0.0127
14 9 29 34 39 1  freq  0.0108
14 9 29 4 39 1  freq  0.0105
14 9 34 4 39 1  freq  0.0113
14 9 5  freq  0.0113
14 25 19 39  freq  0.0101
14 25 30 34  freq  0.0103
14 25 30 20 35 5 10  freq  0.0115
14 25 30 20 39  freq  0.0113
14 25 30 20 1  freq  0.0108
14 25 30 5 39  freq  0.0101
14 25 29 34 4  freq  0.0108
14 25 29 34 39  freq  0.0101
14 25 29 5  freq  0.0101
14 25 29 0  freq  0.012
14 25 34 20  freq  0.0108
14 25 34 5  freq  0.0108
14 25 34 0  freq  0.011
14 25 34 1  freq  0.0103
14 25 20 35 39  freq  0.0105
14 25 20 5 10 39  freq  0.0124
14 25 20 5 1  freq  0.0101
14 25 20 10 1  freq  0.0101
14 25 20 0  freq  0.0101
14 25 35 5 39  freq  0.0101
14 25 5 0  freq  0.0122
14 25 10 0  freq  0.0103
14 25 39 0  freq  0.0127
14 25 2  freq  0.0139
14 19 30  freq  0.0124
14 19 29 34 39 1  freq  0.011
14 19 29 4 39 1  freq  0.0105
14 19 29 5  freq  0.0108
14 19 34 4 39 1  freq  0.0108
14 19 34 5  freq  0.0129
14 19 24 5  freq  0.0108
14 19 24 39 1  freq  0.0113
14 19 5 39  freq  0.011
14 19 5 0  freq  0.0105
14 19 10  freq  0.0129
14 30 34 5  freq  0.0101
14 30 20 5 10 39  freq  0.0108
14 30 20 5 1  freq  0.0115
14 30 20 10 1  freq  0.0117
14 30 24  freq  0.0134
14 30 4  freq  0.0124
14 30 35 39  freq  0.0108
14 30 35 1  freq  0.011
14 30 5 10 1  freq  0.0108
14 30 2  freq  0.0139
14 30 0  freq  0.0115
14 33 18 23 3 8  freq  0.0113
14 33 18 28 3 8  freq  0.0115
14 33 8 0  freq  0.0103
14 29 34 4 39 1  freq  0.0103
14 29 34 5  freq  0.0103
14 29 20  freq  0.0105
14 29 24 39 1  freq  0.0101
14 29 23  freq  0.0101
14 29 35  freq  0.0127
14 29 8  freq  0.0108
14 29 5 39  freq  0.0124
14 29 5 0  freq  0.0122
14 29 10  freq  0.0153
14 34 23  freq  0.0124
14 34 28  freq  0.0103
14 34 5 10  freq  0.012
14 34 5 39  freq  0.0129
14 34 5 0  freq  0.011
14 20 35 5 10 39  freq  0.011
14 20 35 1  freq  0.012
14 20 5 10 1  freq  0.0122
14 20 10 2  freq  0.0101
14 18 23 28 3 8  freq  0.0117
14 18 0  freq  0.0115
14 24 35  freq  0.011
14 24 10  freq  0.0141
14 23 39  freq  0.0103
14 23 0  freq  0.0127
14 28 0  freq  0.0144
14 3 8 0  freq  0.0103
14 35 10 1  freq  0.0105
14 35 2  freq  0.0127
14 35 0  freq  0.0127
14 8 39  freq  0.011
14 5 10 2  freq  0.0115
14 5 10 0  freq  0.0132
14 5 39 0  freq  0.0146
14 10 39 0  freq  0.0117
14 39 2  freq  0.0153
36 7 32 27 22 16  freq  0.0115
36 7 32 2  freq  0.0132
36 7 32 1  freq  0.0108
36 7 21 31  freq  0.0139
36 7 21 26  freq  0.0156
36 7 21 16  freq  0.0129
36 7 21 1  freq  0.0115
36 7 27 2  freq  0.012
36 7 27 1  freq  0.0122
36 7 16 2  freq  0.0127
36 7 16 1  freq  0.0139
36 7 39  freq  0.0141
36 25 21 31  freq  0.0113
36 25 31 5  freq  0.0105
36 25 30 20 5 10  freq  0.011
36 25 30 16  freq  0.0101
36 25 30 1  freq  0.0103
36 25 20 15  freq  0.0101
36 25 20 16  freq  0.0122
36 25 20 2  freq  0.0108
36 25 20 1  freq  0.0113
36 25 5 10 16  freq  0.0101
36 25 5 10 1  freq  0.0108
36 25 5 2  freq  0.0108
36 25 10 2  freq  0.0101
36 32 21 26 16  freq  0.011
36 32 21 2  freq  0.0115
36 32 21 1  freq  0.0108
36 32 26 2  freq  0.0108
36 32 26 1  freq  0.011
36 32 27 22 2  freq  0.0105
36 32 27 22 1  freq  0.0115
36 32 16 2  freq  0.0158
36 32 16 1  freq  0.0148
36 32 39  freq  0.0153
36 21 31 26 16 39  freq  0.0108
36 21 31 27 16  freq  0.012
36 21 31 15 1  freq  0.011
36 21 31 5  freq  0.0139
36 21 31 10  freq  0.0127
36 21 31 39 2  freq  0.012
36 21 31 39 1  freq  0.0124
36 21 30 26  freq  0.0108
36 21 26 15 1  freq  0.0103
36 21 26 39 2  freq  0.0113
36 21 26 39 1  freq  0.012
36 21 27 1  freq  0.011
36 21 15 39  freq  0.0117
36 21 15 2  freq  0.0134
36 21 5 10  freq  0.0113
36 21 5 16  freq  0.0113
36 21 5 2  freq  0.0103
36 21 16 39 1  freq  0.0105
36 31 27 16 1  freq  0.0101
36 31 27 39  freq  0.011
36 31 27 2  freq  0.0101
36 31 15 2  freq  0.0101
36 31 5 10  freq  0.011
36 31 5 16  freq  0.0105
36 30 20 16  freq  0.0117
36 30 20 2  freq  0.0103
36 30 20 1  freq  0.012
36 30 15  freq  0.0158
36 30 5 16  freq  0.0108
36 30 5 1  freq  0.0117
36 27 22 16 2  freq  0.0103
36 27 22 16 1  freq  0.0115
36 27 22 39  freq  0.011
36 27 15  freq  0.0101
36 27 16 39  freq  0.0134
36 27 39 1  freq  0.0101
36 20 5 16  freq  0.0117
36 20 5 1  freq  0.0117
36 20 10 16  freq  0.0101
36 20 10 1  freq  0.0108
36 15 5  freq  0.012
36 15 10  freq  0.0127
36 5 10 2  freq  0.012
36 5 16 2  freq  0.0101
36 5 16 1  freq  0.0105
36 0  freq  0.0153
9 25 19 29 34 4  freq  0.0117
9 25 19 39  freq  0.0108
9 25 30  freq  0.0108
9 25 29 34 39  freq  0.0105
9 25 34 4 39  freq  0.011
9 25 34 1  freq  0.0103
9 25 20  freq  0.0129
9 25 0  freq  0.0122
9 19 30 34  freq  0.012
9 19 30 24 4  freq  0.0117
9 19 29 34 24 4 15  freq  0.0129
9 19 29 34 24 4 13  freq  0.0163
9 19 29 34 24 39 1  freq  0.0108
9 19 29 34 4 39 1  freq  0.012
9 19 29 34 13 39  freq  0.0101
9 19 29 24 4 13 0  freq  0.0105
9 19 29 24 4 39 1  freq  0.0113
9 19 29 24 35  freq  0.0103
9 19 29 4 35  freq  0.0101
9 19 29 15 0  freq  0.0101
9 19 34 24 4 39 1  freq  0.0108
9 19 34 24 13 39  freq  0.0101
9 19 34 24 13 0  freq  0.0101
9 19 34 4 13 39  freq  0.0101
9 19 34 4 13 0  freq  0.0105
9 19 34 4 39 2  freq  0.0101
9 19 24 4 35  freq  0.0136
9 19 24 4 15 1  freq  0.0103
9 19 24 4 13 39  freq  0.0101
9 19 24 35 15  freq  0.0101
9 19 28  freq  0.0105
9 19 15 39  freq  0.0108
9 19 15 2  freq  0.0108
9 19 5  freq  0.0117
9 30 34 4  freq  0.0134
9 30 20  freq  0.0134
9 30 4 15  freq  0.011
9 30 35  freq  0.012
9 30 2  freq  0.0108
9 30 1  freq  0.0124
9 33  freq  0.0105
9 29 34 24 4 39 1  freq  0.0101
9 29 34 4 13 39  freq  0.0103
9 29 34 4 13 0  freq  0.0108
9 29 34 39 2  freq  0.0103
9 29 24 4 35  freq  0.0113
9 29 23  freq  0.0105
9 29 5  freq  0.0113
9 34 24 4 13 0  freq  0.0108
9 34 23 4  freq  0.012
9 34 28 4  freq  0.0105
9 34 15 39  freq  0.0103
9 34 5  freq  0.0129
9 20 4  freq  0.0148
9 20 35  freq  0.0105
9 18  freq  0.0101
9 24 38 13  freq  0.0103
9 24 4 35 15  freq  0.0115
9 24 15 2  freq  0.0103
9 23 0  freq  0.0101
9 38 4 13  freq  0.0101
9 38 13 0  freq  0.0105
9 28 0  freq  0.011
9 4 35 1  freq  0.0108
9 4 15 39  freq  0.0117
9 4 15 2  freq  0.0122
9 4 15 0  freq  0.011
9 35 2  freq  0.0103
9 5 39  freq  0.011
9 5 0  freq  0.0101
7 32 21  freq  0.011
7 32 26 16  freq  0.011
7 32 22 16 39  freq  0.0103
7 32 39 2  freq  0.0115
7 21 31 26  freq  0.0127
7 21 31 16  freq  0.011
7 21 26 16  freq  0.0127
7 21 26 2  freq  0.011
7 21 26 1  freq  0.0113
7 31 27 37 22  freq  0.0105
7 31 27 16  freq  0.0127
7 31 27 1  freq  0.012
7 31 37 1  freq  0.011
7 31 22 16  freq  0.0108
7 31 22 1  freq  0.0113
7 31 16 1  freq  0.0127
7 26 37 22 2  freq  0.0103
7 26 37 16  freq  0.0117
7 26 37 1  freq  0.0103
7 26 16 2  freq  0.0108
7 27 22 16 39  freq  0.011
7 27 22 39 2  freq  0.0103
7 27 39 1  freq  0.011
7 15  freq  0.0127
25 21 31 2  freq  0.011
25 21 37  freq  0.011
25 21 5 10  freq  0.0113
25 21 1  freq  0.0139
25 31 20 35 5 10  freq  0.0127
25 31 20 15 10  freq  0.0101
25 31 20 10 1  freq  0.0105
25 31 35 15  freq  0.011
25 31 35 1  freq  0.0101
25 31 15 5  freq  0.0108
25 31 5 10 1  freq  0.0129
25 31 5 16  freq  0.0117
25 31 5 2  freq  0.0105
25 31 10 16  freq  0.0115
25 31 10 2  freq  0.0101
25 31 39  freq  0.0108
25 19 29 34 39  freq  0.011
25 19 29 34 0  freq  0.0101
25 30 34 20  freq  0.0127
25 30 34 5  freq  0.0101
25 30 34 10  freq  0.0101
25 30 20 4  freq  0.0101
25 30 20 35 15 5 10 39  freq  0.0113
25 30 20 35 15 5 10 0  freq  0.0101
25 30 20 35 15 2  freq  0.0108
25 30 20 35 15 1  freq  0.0105
25 30 20 35 5 10 2  freq  0.0168
25 30 20 35 5 10 1  freq  0.0144
25 30 20 35 5 16  freq  0.0105
25 30 20 35 10 16  freq  0.0113
25 30 20 35 39 0  freq  0.0108
25 30 20 15 5 10 2  freq  0.011
25 30 20 15 5 10 1  freq  0.0101
25 30 20 5 10 16  freq  0.0151
25 30 20 5 10 39 0  freq  0.0105
25 30 20 10 39 1  freq  0.0101
25 30 20 39 2  freq  0.0108
25 30 35 5 10 16  freq  0.0101
25 30 16 1  freq  0.0117
25 29 20 35 10  freq  0.0103
25 29 20 5  freq  0.0117
25 29 4 39  freq  0.0105
25 29 35 5  freq  0.0103
25 29 15  freq  0.0127
25 29 5 10  freq  0.0134
25 29 5 39  freq  0.0108
25 29 5 0  freq  0.0115
25 29 10 39  freq  0.0103
25 29 10 0  freq  0.0103
25 29 39 0  freq  0.0146
25 29 1  freq  0.011
25 34 20 5  freq  0.0117
25 34 20 10  freq  0.0113
25 34 20 39  freq  0.0108
25 34 38  freq  0.0101
25 34 15  freq  0.0124
25 34 5 10  freq  0.0122
25 34 5 39  freq  0.0115
25 34 10 39  freq  0.0108
25 34 39 0  freq  0.012
25 20 35 15 5 10 2  freq  0.0115
25 20 35 15 5 10 1  freq  0.0103
25 20 35 5 10 16  freq  0.0144
25 20 35 5 10 39 0  freq  0.0117
25 20 35 10 39 1  freq  0.0108
25 20 35 39 2  freq  0.0105
25 20 15 39 0  freq  0.0108
25 20 5 10 39 2  freq  0.0108
25 20 5 10 39 1  freq  0.0101
25 20 5 16 1  freq  0.0124
25 20 10 16 1  freq  0.011
25 20 16 2  freq  0.0113
25 4 15  freq  0.012
25 4 0  freq  0.0113
25 4 1  freq  0.0132
25 35 10 39 2  freq  0.0103
25 15 10 39 0  freq  0.0105
25 15 39 2  freq  0.0117
25 5 10 16 2  freq  0.0103
25 5 10 16 1  freq  0.0127
32 21 26 2  freq  0.0117
32 21 26 1  freq  0.0124
32 26 37 22 2  freq  0.0103
32 26 16 2  freq  0.0113
32 26 16 1  freq  0.0105
32 27 22 16 39  freq  0.0122
32 27 22 39 2  freq  0.0113
32 27 22 39 1  freq  0.0105
32 15  freq  0.0105
21 31 26 37  freq  0.0156
21 31 26 35 15  freq  0.0103
21 31 26 35 39  freq  0.011
21 31 26 35 1  freq  0.011
21 31 26 15 39  freq  0.0101
21 31 26 15 1  freq  0.0136
21 31 26 5  freq  0.0151
21 31 26 10  freq  0.0136
21 31 26 39 2  freq  0.0132
21 31 27 39  freq  0.011
21 31 27 1  freq  0.0134
21 31 37 16  freq  0.0134
21 31 37 2  freq  0.0124
21 31 37 1  freq  0.0108
21 31 35 5  freq  0.0101
21 31 35 16  freq  0.0108
21 31 35 2  freq  0.0103
21 31 15 2  freq  0.0148
21 31 5 10  freq  0.016
21 31 5 16  freq  0.0132
21 31 5 2  freq  0.0124
21 31 5 1  freq  0.0134
21 31 10 16  freq  0.0124
21 31 10 2  freq  0.0113
21 31 10 1  freq  0.0117
21 31 16 39 2  freq  0.011
21 31 16 39 1  freq  0.0122
21 30 15  freq  0.0122
21 30 5  freq  0.0122
21 30 10  freq  0.0103
21 30 16  freq  0.0141
21 30 39  freq  0.0103
21 30 2  freq  0.0124
21 30 1  freq  0.0144
21 26 37 16  freq  0.0129
21 26 37 2  freq  0.0113
21 26 37 1  freq  0.0101
21 26 35 5  freq  0.012
21 26 35 10  freq  0.0113
21 26 35 16  freq  0.0113
21 26 35 2  freq  0.0113
21 26 5 10  freq  0.0115
21 26 5 16  freq  0.0105
21 26 5 39  freq  0.0103
21 26 5 2  freq  0.0105
21 26 5 1  freq  0.0103
21 26 10 1  freq  0.0101
21 26 16 39 2  freq  0.0103
21 26 16 39 1  freq  0.0117
21 27 15  freq  0.0101
21 27 2  freq  0.0124
21 37 16 2  freq  0.0113
21 35 15 39  freq  0.0122
21 35 15 1  freq  0.0108
21 35 5 10  freq  0.0105
21 35 39 1  freq  0.0127
21 15 5  freq  0.0139
21 15 10  freq  0.0134
21 15 39 2  freq  0.0101
21 15 39 1  freq  0.0129
21 5 10 16  freq  0.0127
21 5 10 2  freq  0.0113
21 5 10 1  freq  0.0129
21 5 16 2  freq  0.0105
21 10 39  freq  0.0113
21 0  freq  0.0132
31 26 37 16  freq  0.0124
31 26 37 2  freq  0.0127
31 26 37 1  freq  0.0105
31 26 35 5  freq  0.0113
31 26 35 10  freq  0.0108
31 26 15 2  freq  0.011
31 26 5 10  freq  0.0108
31 27 22 16  freq  0.0134
31 27 22 1  freq  0.0124
31 27 16 2  freq  0.011
31 37 22 16  freq  0.011
31 37 22 1  freq  0.0105
31 37 16 2  freq  0.0117
31 37 16 1  freq  0.012
31 22 16 1  freq  0.0103
31 22 2  freq  0.0124
31 20 35 15 10  freq  0.0105
31 20 35 39  freq  0.0101
31 20 35 1  freq  0.0113
31 20 15 5  freq  0.011
31 20 5 10 1  freq  0.011
31 20 16  freq  0.012
31 20 2  freq  0.0117
31 35 15 5 10  freq  0.011
31 35 15 39  freq  0.0132
31 35 15 1  freq  0.0132
31 35 5 10 1  freq  0.0117
31 35 5 39  freq  0.012
31 35 10 39  freq  0.012
31 35 10 2  freq  0.0108
31 35 39 1  freq  0.0141
31 15 5 1  freq  0.0105
31 15 39 2  freq  0.0101
31 15 39 1  freq  0.011
31 5 10 16  freq  0.0153
31 5 10 39  freq  0.0113
31 5 10 2  freq  0.0136
31 5 16 2  freq  0.0101
31 10 16 1  freq  0.0103
31 0  freq  0.0148
19 30 34 24  freq  0.0124
19 30 34 4  freq  0.0108
19 30 15  freq  0.0101
19 33 24 0  freq  0.0101
19 29 34 24 4 39 1  freq  0.0103
19 29 34 24 13 0  freq  0.0101
19 29 34 15 0  freq  0.0101
19 29 34 5  freq  0.0124
19 29 34 39 2  freq  0.011
19 29 24 4 35  freq  0.0117
19 29 24 15 0  freq  0.0101
19 29 24 5  freq  0.0105
19 29 24 13 39  freq  0.0101
19 29 4 13 39  freq  0.0103
19 29 3  freq  0.0101
19 29 15 39  freq  0.0124
19 29 8  freq  0.0115
19 29 5 39 0  freq  0.0103
19 29 10 39  freq  0.0101
19 34 24 4 13 39  freq  0.0101
19 34 24 4 13 0  freq  0.0103
19 34 24 5  freq  0.0124
19 34 24 39 2  freq  0.0101
19 34 23  freq  0.0115
19 34 28  freq  0.0105
19 34 15 39  freq  0.0122
19 34 5 39  freq  0.0129
19 34 5 0  freq  0.0124
19 34 10  freq  0.0136
19 24 38 13  freq  0.012
19 24 28  freq  0.0113
19 24 4 35 15  freq  0.0103
19 24 3  freq  0.0103
19 24 15 39  freq  0.0108
19 24 15 2  freq  0.0108
19 24 8  freq  0.0122
19 24 5 39  freq  0.0108
19 24 5 0  freq  0.0113
19 24 10  freq  0.0165
19 38 13 0  freq  0.0103
19 28 4  freq  0.011
19 28 0  freq  0.0103
19 4 15 39  freq  0.0108
19 4 15 2  freq  0.011
19 4 15 0  freq  0.0108
19 5 10  freq  0.0136
19 10 0  freq  0.0127
30 26 20 35 15  freq  0.0124
30 26 20 35 5 10  freq  0.0122
30 26 20 35 10 39  freq  0.0105
30 26 20 35 1  freq  0.011
30 26 20 15 10  freq  0.0108
30 26 20 5 39  freq  0.0108
30 26 35 15 5  freq  0.0101
30 26 35 15 10  freq  0.0113
30 26 35 15 39  freq  0.011
30 26 35 5 10 39  freq  0.0101
30 26 15 5 10  freq  0.0103
30 26 15 1  freq  0.0117
30 26 5 1  freq  0.012
30 26 10 1  freq  0.0115
30 26 16  freq  0.0146
30 26 39 1  freq  0.0122
30 26 2  freq  0.0158
30 34 20 5  freq  0.0115
30 34 20 10  freq  0.0117
30 34 15  freq  0.0139
30 34 5 10  freq  0.0136
30 34 39  freq  0.0153
30 34 0  freq  0.0108
30 34 1  freq  0.0141
30 20 24 35  freq  0.0127
30 20 24 5  freq  0.011
30 20 24 10  freq  0.0139
30 20 4 35  freq  0.0117
30 20 35 15 5 10 2  freq  0.0127
30 20 35 15 5 10 1  freq  0.0115
30 20 35 5 10 16  freq  0.0129
30 20 35 5 10 39 0  freq  0.0103
30 20 35 5 10 39 1  freq  0.0105
30 20 35 5 39 2  freq  0.0101
30 20 35 10 39 2  freq  0.0115
30 20 15 39 2  freq  0.0117
30 20 15 39 1  freq  0.011
30 20 5 10 39 2  freq  0.0127
30 20 5 16 1  freq  0.0115
30 20 16 2  freq  0.012
30 24 4 35  freq  0.0113
30 24 35 15  freq  0.0105
30 24 35 10  freq  0.0117
30 24 5 10  freq  0.0141
30 24 2  freq  0.0139
30 24 1  freq  0.0153
30 38  freq  0.0108
30 4 10  freq  0.011
30 4 39  freq  0.011
30 4 2  freq  0.0129
30 4 1  freq  0.0156
30 35 15 39 2  freq  0.0101
30 35 15 39 1  freq  0.0117
30 35 5 10 39 2  freq  0.0108
30 35 16 1  freq  0.0103
30 15 10 39 2  freq  0.0105
30 15 39 0  freq  0.0113
30 5 10 16 1  freq  0.0108
30 5 16 2  freq  0.0103
30 10 16 2  freq  0.0117
30 16 39  freq  0.0117
26 37 22 16  freq  0.0103
26 37 16 2  freq  0.0122
26 37 16 1  freq  0.0103
26 22 1  freq  0.0122
26 20 35 15 5  freq  0.0101
26 20 35 15 10  freq  0.0117
26 20 35 15 39  freq  0.0101
26 20 35 5 10 39  freq  0.0115
26 20 15 5 10  freq  0.011
26 20 5 1  freq  0.011
26 20 10 1  freq  0.0105
26 20 39 1  freq  0.0105
26 20 2  freq  0.0108
26 35 15 5 10  freq  0.0129
26 35 15 5 39  freq  0.011
26 35 15 10 39  freq  0.0113
26 35 15 39 1  freq  0.0113
26 35 15 2  freq  0.0113
26 35 5 10 1  freq  0.0122
26 35 5 39 1  freq  0.0103
26 35 10 39 1  freq  0.0101
26 35 10 2  freq  0.0115
26 35 39 2  freq  0.0115
26 15 5 10 39  freq  0.0101
26 15 5 1  freq  0.0105
26 15 10 1  freq  0.0108
26 15 39 2  freq  0.0113
26 5 10 2  freq  0.0113
26 10 16  freq  0.0139
26 10 39 2  freq  0.0103
26 0  freq  0.0165
33 29 24 0  freq  0.0103
33 29 38  freq  0.011
33 29 8  freq  0.0108
33 18 23 38 28 3 8 13 0  freq  0.1044
33 18 23 38 28 3 8 13 1  freq  0.0141
33 18 23 28 3 8 13 39 0  freq  0.0151
33 18 23 28 3 8 2  freq  0.0105
33 24 38 13 0  freq  0.0101
33 24 3 8  freq  0.011
33 24 3 0  freq  0.011
33 24 8 0  freq  0.012
33 4 0  freq  0.0113
33 3 8 39 1  freq  0.0105
29 34 23  freq  0.012
29 34 4 39 2  freq  0.0101
29 34 15 39  freq  0.0105
29 34 5 39  freq  0.0113
29 34 5 0  freq  0.0105
29 34 10  freq  0.0108
29 20 35 5 10  freq  0.0113
29 20 15  freq  0.0115
29 20 39  freq  0.011
29 20 0  freq  0.0101
29 18  freq  0.0136
29 24 38 13  freq  0.0117
29 24 3  freq  0.0105
29 24 35 15  freq  0.0117
29 24 8  freq  0.0117
29 24 10  freq  0.0139
29 23 4  freq  0.0108
29 38 13 0  freq  0.012
29 4 35 15  freq  0.0101
29 4 15 0  freq  0.0105
29 4 10  freq  0.0101
29 3 8  freq  0.0127
29 35 5 0  freq  0.0103
29 35 10 0  freq  0.0108
29 35 39  freq  0.0139
29 35 2  freq  0.0103
29 35 1  freq  0.0103
29 15 5  freq  0.0122
29 15 10  freq  0.0139
29 15 39 0  freq  0.0113
29 15 2  freq  0.0122
29 15 1  freq  0.0122
29 8 0  freq  0.0103
29 5 10 39  freq  0.0127
29 5 10 0  freq  0.0139
29 10 39 0  freq  0.0132
27 16 39 2  freq  0.0113
27 16 39 1  freq  0.0105
34 20 15  freq  0.0103
34 20 5 10  freq  0.012
34 20 1  freq  0.0122
34 18 23  freq  0.0113
34 24 10  freq  0.0103
34 23 28  freq  0.0108
34 23 0  freq  0.0113
34 38 13  freq  0.0108
34 38 1  freq  0.011
34 28 0  freq  0.0122
34 3 8  freq  0.0103
34 15 5  freq  0.0113
34 15 10  freq  0.0113
34 15 2  freq  0.0108
34 15 1  freq  0.0134
34 5 10 39  freq  0.0129
34 5 39 0  freq  0.0117
34 10 0  freq  0.0127
37 39 2  freq  0.0113
20 24 4  freq  0.0122
20 24 35 15  freq  0.0101
20 24 35 10  freq  0.0127
20 24 5 10  freq  0.0127
20 24 1  freq  0.0124
20 4 15  freq  0.0139
20 4 10  freq  0.0127
20 4 2  freq  0.0101
20 4 1  freq  0.0136
20 35 15 39 2  freq  0.0108
20 35 15 39 0  freq  0.0113
20 35 15 39 1  freq  0.0124
20 35 5 10 39 2  freq  0.0127
20 35 5 16 1  freq  0.0103
20 35 10 16 1  freq  0.0103
20 35 16 39  freq  0.0101
20 35 16 2  freq  0.0113
20 15 5 10 39 2  freq  0.0103
20 15 10 39 0  freq  0.0105
20 15 10 39 1  freq  0.0103
20 5 10 16 1  freq  0.0132
20 5 16 2  freq  0.011
20 10 16 2  freq  0.0124
18 24 0  freq  0.0105
18 23 39 1  freq  0.0101
18 4  freq  0.0101
18 3 8 39 1  freq  0.0101
24 38 4 13  freq  0.0101
24 38 3 0  freq  0.0101
24 38 8 0  freq  0.0108
24 28 0  freq  0.0146
24 4 35 2  freq  0.0113
24 4 35 1  freq  0.0115
24 4 15 2  freq  0.0113
24 4 10  freq  0.0134
24 3 8 0  freq  0.0113
24 3 13  freq  0.011
24 35 5 10  freq  0.0113
24 35 0  freq  0.0103
24 15 5  freq  0.0122
24 15 10  freq  0.0136
24 8 13  freq  0.011
24 10 39  freq  0.0113
24 10 2  freq  0.0117
24 10 0  freq  0.0122
24 10 1  freq  0.0122
24 16  freq  0.0117
23 28 39 1  freq  0.0101
23 4 0  freq  0.0108
23 3 8 39 1  freq  0.0101
38 4 13 0  freq  0.0113
38 15  freq  0.0108
38 2  freq  0.0153
28 4 0  freq  0.0124
28 3 39 1  freq  0.0101
4 35 10  freq  0.0129
4 8  freq  0.0105
35 15 5 39 0  freq  0.0101
35 15 5 39 1  freq  0.0117
35 15 10 39 2  freq  0.0113
35 15 10 39 0  freq  0.011
35 15 10 39 1  freq  0.012
35 5 10 16 1  freq  0.0113
35 5 16 39  freq  0.0101
35 5 16 2  freq  0.0101
35 10 16 39  freq  0.0113
35 10 16 2  freq  0.0122
15 5 10 39 0  freq  0.012
15 5 10 39 1  freq  0.0101
5 10 16 39  freq  0.0103
13 39 1  freq  0.0129
13 2  freq  0.0148
16 0  freq  0.0177