0.0018
40 6 11  freq  0.0335
40 12 7  freq  0.0347
40 12 22  freq  0.0326
40 36  freq  0.0462
40 7 27  freq  0.0323
40 7 22  freq  0.0338
40 32 27  freq  0.0335
40 32 22  freq  0.0345
40 21 31  freq  0.0323
40 21 26  freq  0.0342
40 30  freq  0.035
40 27 22  freq  0.0366
40 37 22  freq  0.0326
40 20  freq  0.0385
40 35  freq  0.0381
40 15  freq  0.0402
40 5  freq  0.0369
40 10  freq  0.0381
40 16  freq  0.0534
40 2  freq  0.0594
40 1  freq  0.0704
17 42 12 7 37  freq  0.0326
17 42 12 7 22  freq  0.0328
17 42 12 37 22  freq  0.0338
17 42 7 32  freq  0.0326
17 42 7 37 22  freq  0.034
17 42 32 37 22  freq  0.0323
17 41 12 7 32 27 37 22  freq  0.0357
17 12 7 32 27 37 2 22  freq  0.04
17 12 7 32 27 37 1 22  freq  0.0419
17 11  freq  0.0335
17 26  freq  0.0345
42 6  freq  0.0383
42 12 7 32 37 22  freq  0.0381
42 12 7 27 37 22  freq  0.034
42 11  freq  0.0395
42 36  freq  0.0433
42 7 32 27 22  freq  0.0326
42 25 5  freq  0.0326
42 32 27 37 22  freq  0.0323
42 21  freq  0.0457
42 31  freq  0.0472
42 30  freq  0.0417
42 26  freq  0.0429
42 37 2  freq  0.0347
42 37 1  freq  0.0354
42 20  freq  0.0393
42 35  freq  0.0347
42 15  freq  0.034
42 5 10  freq  0.0362
42 16  freq  0.056
41 6  freq  0.0419
41 12 7 1  freq  0.0323
41 12 2  freq  0.0347
41 11  freq  0.0441
41 36 21  freq  0.0323
41 7 2  freq  0.0352
41 25  freq  0.0338
41 32 22 2  freq  0.0323
41 32 1  freq  0.034
41 31  freq  0.0421
41 30  freq  0.0366
41 26  freq  0.0385
41 27 22 1  freq  0.034
41 27 2  freq  0.0342
41 37 2  freq  0.0338
41 37 1  freq  0.0342
41 20  freq  0.0326
41 35  freq  0.0352
41 15  freq  0.035
41 10  freq  0.0354
41 16  freq  0.0632
6 11 36 21 31 26  freq  0.0342
6 11 36 21 16  freq  0.0405
6 11 36 31 16  freq  0.034
6 11 36 26 16  freq  0.0328
6 11 36 2  freq  0.0347
6 11 36 1  freq  0.0424
6 11 21 31 16  freq  0.0412
6 11 21 31 1  freq  0.0345
6 11 21 26 16  freq  0.0417
6 11 21 26 1  freq  0.0366
6 11 21 2  freq  0.0424
6 11 31 2  freq  0.0364
6 11 26 2  freq  0.0352
6 11 15  freq  0.0366
6 11 16 1  freq  0.035
6 11 39  freq  0.0414
6 36 21 31 16  freq  0.0369
6 36 21 26 16  freq  0.0376
6 36 21 2  freq  0.035
6 36 21 1  freq  0.0381
6 36 26 1  freq  0.0323
6 25  freq  0.0347
6 32  freq  0.0364
6 21 31 26 16  freq  0.0371
6 21 31 2  freq  0.0397
6 21 26 2  freq  0.0378
6 21 15  freq  0.0326
6 21 16 1  freq  0.0323
6 21 39  freq  0.0357
6 31 26 1  freq  0.0326
6 31 39  freq  0.0323
6 30  freq  0.0385
6 26 39  freq  0.034
6 27  freq  0.0395
6 37  freq  0.0373
6 35  freq  0.0424
6 16 2  freq  0.0421
12 36  freq  0.0335
12 7 32 27 22 16  freq  0.0376
12 7 32 37 22 16  freq  0.0328
12 7 27 37 22 16  freq  0.0347
12 31  freq  0.0359
12 26  freq  0.0385
12 16 2  freq  0.0369
12 16 1  freq  0.0359
11 36 21 31 16  freq  0.0373
11 36 21 26 16  freq  0.0385
11 36 21 2  freq  0.0393
11 36 21 1  freq  0.0421
11 36 31 1  freq  0.0335
11 36 26 1  freq  0.034
11 36 39  freq  0.0366
11 25  freq  0.0347
11 32  freq  0.0438
11 21 31 26 16  freq  0.0357
11 21 31 2  freq  0.0402
11 21 26 2  freq  0.0407
11 21 15  freq  0.0383
11 21 16 2  freq  0.0342
11 21 39  freq  0.0424
11 31 26 1  freq  0.0333
11 31 39  freq  0.0359
11 30  freq  0.0385
11 26 15  freq  0.0328
11 26 39  freq  0.0371
11 27  freq  0.0452
11 37  freq  0.0376
11 22  freq  0.035
11 35  freq  0.0371
14 9 19 29 34 24 4  freq  0.0579
14 9 19 29 34 24 0  freq  0.0352
14 9 19 29 34 4 39  freq  0.0345
14 9 19 29 34 4 0  freq  0.0381
14 9 19 29 24 4 0  freq  0.0345
14 9 19 29 24 39  freq  0.0338
14 9 19 34 24 4 0  freq  0.0359
14 9 19 34 24 39  freq  0.0357
14 9 19 24 4 39  freq  0.0326
14 9 29 34 24 4 0  freq  0.0323
14 25 20  freq  0.0342
14 25 5  freq  0.0326
14 19 29 34 24 4 0  freq  0.033
14 19 29 34 24 39  freq  0.0359
14 19 29 24 4 39  freq  0.033
14 19 29 39 0  freq  0.0326
14 19 34 24 4 39  freq  0.034
14 19 34 39 0  freq  0.0328
14 30 20  freq  0.0326
14 34 1  freq  0.0333
14 20 5  freq  0.0328
14 20 10  freq  0.035
14 38  freq  0.039
14 35  freq  0.0412
14 5 10  freq  0.0393
14 2  freq  0.0472
36 7  freq  0.0424
36 25  freq  0.0445
36 32  freq  0.0496
36 21 31 26 16  freq  0.0352
36 21 31 2  freq  0.0383
36 21 31 1  freq  0.0409
36 21 26 2  freq  0.0369
36 21 26 1  freq  0.0412
36 21 16 2  freq  0.0345
36 21 16 1  freq  0.034
36 21 39  freq  0.0359
36 30  freq  0.0419
36 27 16  freq  0.0352
36 22  freq  0.0347
36 20  freq  0.0352
36 15  freq  0.0488
36 5  freq  0.0455
36 10  freq  0.0412
36 16 39  freq  0.0323
9 19 29 34 24 4 39  freq  0.0419
9 19 29 34 24 4 0  freq  0.0469
9 19 29 34 39 0  freq  0.0345
9 19 29 4 39 0  freq  0.0323
9 19 29 1  freq  0.0335
9 19 34 4 39 0  freq  0.0342
9 19 34 2  freq  0.0323
9 19 34 1  freq  0.035
9 19 24 39 0  freq  0.0347
9 19 24 1  freq  0.034
9 19 38 4  freq  0.0335
9 19 4 2  freq  0.035
9 19 4 1  freq  0.0385
9 19 15  freq  0.034
9 29 38  freq  0.0338
9 29 4 1  freq  0.0338
9 29 2  freq  0.0338
9 34 38  freq  0.0357
9 34 4 1  freq  0.035
9 24 4 1  freq  0.0345
9 24 15  freq  0.0326
9 24 2  freq  0.0347
9 4 15  freq  0.0383
9 13  freq  0.0328
7 21  freq  0.0326
7 31  freq  0.0381
7 26  freq  0.0431
7 16 2  freq  0.0381
7 16 1  freq  0.0378
25 21  freq  0.0326
25 31  freq  0.0464
25 30 20 35 15  freq  0.0347
25 30 20 35 5 10  freq  0.0474
25 30 20 15 5 10  freq  0.033
25 30 20 39  freq  0.0373
25 30 20 1  freq  0.0376
25 30 2  freq  0.0371
25 29  freq  0.039
25 34  freq  0.0414
25 20 35 15 5 10  freq  0.0357
25 20 35 10 39  freq  0.034
25 20 35 1  freq  0.0333
25 20 5 10 39  freq  0.0354
25 20 5 10 1  freq  0.0347
25 20 5 2  freq  0.0328
25 20 10 2  freq  0.034
25 20 10 0  freq  0.033
25 20 16  freq  0.0326
25 4  freq  0.0323
25 35 2  freq  0.033
25 15 39  freq  0.035
25 5 10 2  freq  0.0342
25 5 10 0  freq  0.033
25 5 16  freq  0.0342
32 26  freq  0.0452
32 27 37 22 16  freq  0.033
32 16 2  freq  0.0383
32 16 1  freq  0.0352
21 31 26 2  freq  0.04
21 31 26 1  freq  0.045
21 31 15  freq  0.0381
21 31 16 2  freq  0.0371
21 31 16 1  freq  0.0362
21 31 39  freq  0.0429
21 26 15  freq  0.0385
21 26 16 2  freq  0.0352
21 26 16 1  freq  0.0369
21 26 39  freq  0.0443
21 37  freq  0.0345
21 35  freq  0.0395
21 5  freq  0.0436
21 10  freq  0.0385
31 26 39  freq  0.0347
31 27  freq  0.0452
31 37  freq  0.0455
31 20  freq  0.0328
31 35  freq  0.0503
31 5 10  freq  0.0369
19 29 34 4 39 0  freq  0.0326
19 29 24 39 0  freq  0.0373
19 29 38  freq  0.0362
19 29 4 2  freq  0.0323
19 29 4 1  freq  0.0333
19 34 24 39 0  freq  0.0369
19 34 38  freq  0.0362
19 34 4 2  freq  0.0328
19 34 4 1  freq  0.033
19 24 38  freq  0.0364
19 24 4 39 0  freq  0.035
19 24 4 2  freq  0.0328
19 24 4 1  freq  0.0347
19 24 15  freq  0.0345
19 4 15  freq  0.0342
30 26  freq  0.0472
30 34  freq  0.0347
30 20 35 15 5 10  freq  0.0366
30 20 35 5 39  freq  0.0328
30 20 35 10 39  freq  0.0364
30 20 35 2  freq  0.0323
30 20 35 1  freq  0.0376
30 20 5 10 39  freq  0.0378
30 20 5 10 1  freq  0.0354
30 20 5 2  freq  0.0335
30 20 10 2  freq  0.0371
30 20 16  freq  0.0328
30 20 0  freq  0.0354
30 24  freq  0.039
30 4  freq  0.0357
30 35 5 10 39  freq  0.033
30 35 10 1  freq  0.033
30 15 39  freq  0.0424
30 15 2  freq  0.033
30 15 1  freq  0.0357
30 5 10 2  freq  0.0362
30 5 0  freq  0.0323
26 37  freq  0.0474
26 20  freq  0.0333
26 35 39  freq  0.0342
26 5  freq  0.0448
26 10  freq  0.0448
26 39 1  freq  0.0338
33 18 23 38 28 3 8 13 0  freq  0.1044
33 18 3 8 39  freq  0.0326
33 23 39  freq  0.0323
33 3 8 1  freq  0.0326
29 34 38  freq  0.033
29 34 2  freq  0.0335
29 34 1  freq  0.0359
29 24 38  freq  0.0333
29 24 2  freq  0.0326
29 24 1  freq  0.035
29 38 4  freq  0.0354
29 35  freq  0.0354
29 15  freq  0.0431
29 5  freq  0.033
29 13  freq  0.034
29 10  freq  0.0326
27 22 16 1  freq  0.0326
27 16 2  freq  0.0378
27 39  freq  0.0409
34 38 4  freq  0.0354
34 15  freq  0.039
34 5  freq  0.034
34 13  freq  0.0328
37 16 2  freq  0.0354
37 16 1  freq  0.034
22 16 2  freq  0.0357
20 35 15 39  freq  0.0345
20 35 5 10 39  freq  0.0417
20 35 5 10 1  freq  0.0347
20 35 10 2  freq  0.0371
20 35 10 0  freq  0.0333
20 15 10 39  freq  0.0333
20 15 2  freq  0.0333
20 15 1  freq  0.0364
20 5 10 2  freq  0.0393
20 5 10 0  freq  0.0357
20 5 16  freq  0.035
20 10 16  freq  0.035
18 23 28 39  freq  0.0326
18 23 3 8 39  freq  0.0323
18 23 3 8 1  freq  0.0328
18 28 8 39  freq  0.0323
24 38 4  freq  0.0326
24 38 0  freq  0.0352
24 4 15  freq  0.0342
24 35  freq  0.0409
24 13  freq  0.0366
24 10  freq  0.0362
23 28 1  freq  0.033
28 3 39  freq  0.0323
28 3 1  freq  0.0326
4 35  freq  0.0369
4 13  freq  0.0326
35 15 10 39  freq  0.0342
35 15 2  freq  0.0366
35 15 1  freq  0.0431
35 5 10 2  freq  0.0342
35 5 10 0  freq  0.033
35 16  freq  0.0472
35 39 1  freq  0.0381
15 5 10 39  freq  0.0342
15 10 1  freq  0.0362
15 0  freq  0.0515
5 10 16  freq  0.0431
5 39 0  freq  0.0323
13 39  freq  0.045
13 1  freq  0.0388
39 2  freq  0.0862