0.0017
40  freq  0.1518
17  freq  0.1525
42  freq  0.1659
41  freq  0.1805
6  freq  0.1834
12 7 37  freq  0.1444
12 7 22  freq  0.1525
12 32  freq  0.1499
12 27  freq  0.1484
12 37 22  freq  0.1439
11  freq  0.1922
14  freq  0.1934
36  freq  0.1946
9 19 4  freq  0.1446
9 29  freq  0.1463
9 34  freq  0.1539
7 32 22  freq  0.147
7 27 22  freq  0.1465
7 37 22  freq  0.1456
25  freq  0.1987
32 27 22  freq  0.148
32 37  freq  0.146
21  freq  0.1994
31  freq  0.1997
19 29  freq  0.1594
19 34  freq  0.1609
19 24  freq  0.1618
30  freq  0.1997
26  freq  0.1999
33 18 23 28 3 8 13  freq  0.1587
33 18 0  freq  0.1439
33 38  freq  0.1463
33 8 0  freq  0.1448
29 34  freq  0.1434
29 4  freq  0.1468
34 4  freq  0.1484
20 10  freq  0.1515
18 3 0  freq  0.1434
18 8 0  freq  0.1439
24 4  freq  0.1489
23 0  freq  0.1458
38 3  freq  0.1436
38 8  freq  0.1446
38 13  freq  0.1475
38 0  freq  0.1551
28 0  freq  0.153
3 8 0  freq  0.1456
35  freq  0.2049
15  freq  0.2054
5 10  freq  0.1652
13 0  freq  0.159
16  freq  0.2361
39  freq  0.3009
2  freq  0.3129
1  freq  0.3658