0.0015
40  freq  0.1518
17 12 7  freq  0.1001
17 12 37  freq  0.1015
17 12 22  freq  0.1025
17 7 37 22  freq  0.0996
17 32 37 22  freq  0.0998
17 27 22  freq  0.1013
42  freq  0.1659
41  freq  0.1805
6 11  freq  0.1343
6 36  freq  0.1032
6 21  freq  0.1216
6 31  freq  0.1068
6 26  freq  0.1087
12 7 32 27 37 22  freq  0.1125
11 36  freq  0.1164
11 21  freq  0.1312
11 31  freq  0.1087
11 26  freq  0.112
14 9  freq  0.1096
14 19 29  freq  0.0998
14 19 34  freq  0.1051
14 24  freq  0.1041
14 4  freq  0.1089
36 21  freq  0.1245
36 31  freq  0.101
36 16  freq  0.1142
9 19 29 34 4  freq  0.1053
9 19 29 24 4  freq  0.1022
9 19 34 24 4  freq  0.1013
25 30  freq  0.1104
25 20 5  freq  0.1053
25 20 10  freq  0.1089
25 35  freq  0.0998
25 5 10  freq  0.1085
21 31  freq  0.1365
21 26  freq  0.136
21 16  freq  0.1087
31 26  freq  0.1056
31 16  freq  0.1061
19 29 34 24  freq  0.1065
19 0  freq  0.1013
30 20 5  freq  0.1027
30 20 10  freq  0.1085
30 35  freq  0.1152
30 5 10  freq  0.1046
33 18 23 38 28 3 8 13 0  freq  0.1044
29 0  freq  0.1027
27 1  freq  0.1032
22 1  freq  0.0994
20 35 5  freq  0.101
20 35 10  freq  0.1132
20 5 10  freq  0.1245
35 15  freq  0.1099
35 5 10  freq  0.1077
16 2  freq  0.1065
16 1  freq  0.1118
39 0  freq  0.107
39 1  freq  0.1077