0.0015
40  freq  0.1518
17 12 7 32 27 37 22  freq  0.0831
42  freq  0.1659
41 2  freq  0.0785
41 1  freq  0.0821
6 11 36  freq  0.0838
6 11 21  freq  0.0979
6 11 31  freq  0.0814
6 11 26  freq  0.0847
6 36 21  freq  0.0795
6 21 31  freq  0.0876
6 21 26  freq  0.0883
6 16  freq  0.0922
6 2  freq  0.0788
6 1  freq  0.0881
12 7 2  freq  0.0831
12 7 1  freq  0.0824
12 37 2  freq  0.0776
12 22 2  freq  0.0804
12 22 1  freq  0.0792
11 36 21  freq  0.0886
11 21 31  freq  0.0907
11 21 26  freq  0.0943
11 16  freq  0.0984
11 2  freq  0.0816
11 1  freq  0.095
14 9 19 29 34  freq  0.0778
14 9 19 34 4  freq  0.0804
14 9 19 24  freq  0.0778
14 9 29 4  freq  0.078
14 19 29 24  freq  0.0802
14 19 29 4  freq  0.0826
14 19 34 24  freq  0.0816
14 19 24 4  freq  0.0785
14 29 34 4  freq  0.078
14 39  freq  0.0919
14 0  freq  0.0881
36 21 31  freq  0.0852
36 21 26  freq  0.0847
36 16  freq  0.1142
36 2  freq  0.0847
36 1  freq  0.0946
9 19 29 34 24 4  freq  0.0883
9 19 0  freq  0.0804
9 34 0  freq  0.0773
9 4 0  freq  0.0795
9 39  freq  0.0859
7 32 2  freq  0.0804
7 27 1  freq  0.078
7 22 2  freq  0.0816
7 22 1  freq  0.0816
7 16  freq  0.0771
25 30 20  freq  0.0974
25 30 5  freq  0.0816
25 30 10  freq  0.0826
25 20 35 10  freq  0.0802
25 20 5 10  freq  0.0927
25 35 5  freq  0.0771
25 15  freq  0.0816
32 22 2  freq  0.0838
32 22 1  freq  0.0821
21 31 26  freq  0.0903
21 31 16  freq  0.0771
21 2  freq  0.0891
21 1  freq  0.0972
31 2  freq  0.0859
31 1  freq  0.0989
19 29 39  freq  0.0771
19 29 0  freq  0.0833
19 34 39  freq  0.0795
19 34 0  freq  0.0826
19 24 0  freq  0.0833
19 4 0  freq  0.0788
30 20 35 10  freq  0.0788
30 20 5 10  freq  0.0912
30 35 5  freq  0.079
30 15  freq  0.0938
30 1  freq  0.084
26 16  freq  0.0953
26 2  freq  0.0876
26 1  freq  0.0958
33 18 23 38 28 3 8 13 0  freq  0.1044
27 22 2  freq  0.0797
27 22 1  freq  0.0871
27 16  freq  0.0804
37 22 2  freq  0.0809
37 22 1  freq  0.08
20 35 5 10  freq  0.0927
20 15  freq  0.0986
20 39  freq  0.0802
20 1  freq  0.0838
24 39  freq  0.0773
4 39  freq  0.0859
35 15  freq  0.1099
35 39  freq  0.0907
35 1  freq  0.085
15 5  freq  0.0898
15 10  freq  0.0977
15 39  freq  0.0855
15 1  freq  0.0826
5 39  freq  0.0883
5 1  freq  0.0836
10 39  freq  0.0867
10 1  freq  0.0857
16 2  freq  0.1065
16 1  freq  0.1118
39 2  freq  0.0862
39 0  freq  0.107
39 1  freq  0.1077