0.0014
40  freq  0.1518
17 37  freq  0.1223
42  freq  0.1659
41  freq  0.1805
6 11  freq  0.1343
6 21  freq  0.1216
12 7 32 27 22  freq  0.1243
12 7 32 37 22  freq  0.1238
12 7 27 37 22  freq  0.1228
11 21  freq  0.1312
14 34  freq  0.1231
36 21  freq  0.1245
9 19 29  freq  0.1336
9 19 34 4  freq  0.1235
9 19 24 4  freq  0.1211
9 29 34  freq  0.1233
9 29 4  freq  0.1293
25 20  freq  0.1403
25 5  freq  0.13
25 10  freq  0.129
32 27 37 22  freq  0.1245
21 31  freq  0.1365
21 26  freq  0.136
19 29 34  freq  0.1329
19 29 24  freq  0.13
19 29 4  freq  0.1324
19 34 24  freq  0.1271
30 20  freq  0.142
30 5  freq  0.1231
30 10  freq  0.1269
33 18 23 38 28 3 8 13  freq  0.1223
33 18 23 28 3 8 13 0  freq  0.1226
33 38 0  freq  0.1262
20 35  freq  0.1386
20 5 10  freq  0.1245
18 38 0  freq  0.1228
38 28 0  freq  0.1211
38 3 0  freq  0.1219
38 8 0  freq  0.1226
38 13 0  freq  0.1264
35 5  freq  0.1238
35 10  freq  0.1377
15  freq  0.2054
16  freq  0.2361
39  freq  0.3009
2  freq  0.3129
1  freq  0.3658