0.0008
8  r  14  conf  0.435
14  r  8  conf  0.4381
8  r  1 14  conf  0.2555
14  r  1 8  conf  0.2598
8  r  12  conf  0.355
8  r  12 14  conf  0.292
14  r  12 8  conf  0.301
14  r  12  conf  0.355
8  r  12 1  conf  0.2439
12  r  1 8  conf  0.2598
8  r  12 1 14  conf  0.2047
14  r  12 1 8  conf  0.2159
12  r  1 14 8  conf  0.2171
14  r  12 1  conf  0.2439
12  r  1 14  conf  0.2555
8  r  10 14  conf  0.2229
14  r  10 8  conf  0.2229
1  r  10 8  conf  0.2229
8  r  10 1 14  conf  0.1907
14  r  10 1 8  conf  0.195
1  r  10 14 8  conf  0.1845
1  r  10 14  conf  0.2229
8  r  10 12  conf  0.2175
12  r  10 8  conf  0.2229
8  r  10 12 14  conf  0.1794
14  r  10 12 8  conf  0.1891
12  r  10 14 8  conf  0.1845
14  r  10 12  conf  0.2175
12  r  10 14  conf  0.2229
8  r  10 12 1  conf  0.1911
1  r  10 12 8  conf  0.1891
12  r  10 1 8  conf  0.195
8  r  10 12 1 14  conf  0.1619
14  r  10 12 1 8  conf  0.1724
1  r  10 12 14 8  conf  0.1674
12  r  10 1 14 8  conf  0.1658
10  r  12 1 14 8  conf  0.1915
14  r  10 12 1  conf  0.1911
1  r  10 12 14  conf  0.1794
12  r  10 1 14  conf  0.1907
1  r  10 12  conf  0.2175
8  r  11  conf  0.3029
8  r  11 14  conf  0.2536
14  r  11 8  conf  0.2559
14  r  11  conf  0.3029
8  r  11 1  conf  0.2008
8  r  11 1 14  conf  0.1744
14  r  11 1 8  conf  0.1755
14  r  11 1  conf  0.2008
8  r  11 12  conf  0.2299
12  r  11 8  conf  0.2559
8  r  11 12 14  conf  0.2117
14  r  11 12 8  conf  0.2163
12  r  11 14 8  conf  0.2346
14  r  11 12  conf  0.2299
12  r  11 14  conf  0.2536
8  r  11 12 1  conf  0.1713
12  r  11 1 8  conf  0.1755
8  r  11 12 1 14  conf  0.1561
14  r  11 12 1 8  conf  0.1616
12  r  11 1 14 8  conf  0.1604
14  r  11 12 1  conf  0.1713
12  r  11 1 14  conf  0.1744
12  r  11 1  conf  0.2008
8  r  11 10  conf  0.195
8  r  11 10 14  conf  0.1674
14  r  11 10 8  conf  0.167
11  r  10 14 8  conf  0.1845
14  r  11 10  conf  0.195
8  r  11 10 1  conf  0.1689
1  r  11 10 8  conf  0.167
10  r  11 1 8  conf  0.1755
8  r  11 10 1 14  conf  0.1499
14  r  11 10 1 8  conf  0.1495
1  r  11 10 14 8  conf  0.1526
10  r  11 1 14 8  conf  0.1604
11  r  10 1 14 8  conf  0.1658
14  r  11 10 1  conf  0.1689
1  r  11 10 14  conf  0.1674
10  r  11 1 14  conf  0.1744
1  r  11 10  conf  0.195
10  r  11 1  conf  0.2008
8  r  11 10 12  conf  0.1604
12  r  11 10 8  conf  0.167
11  r  10 12 8  conf  0.1891
8  r  11 10 12 14  conf  0.1476
14  r  11 10 12 8  conf  0.1515
12  r  11 10 14 8  conf  0.1526
11  r  10 12 14 8  conf  0.1674
14  r  11 10 12  conf  0.1604
12  r  11 10 14  conf  0.1674
11  r  10 12 14  conf  0.1794
8  r  11 10 12 1  conf  0.1452
1  r  11 10 12 8  conf  0.1515
12  r  11 10 1 8  conf  0.1495
10  r  11 12 1 8  conf  0.1616
11  r  10 12 1 8  conf  0.1724
10  r  11 12 1 14 8  conf  0.1499
11  r  10 12 1 14 8  conf  0.1534
14  r  11 10 12 1  conf  0.1452
1  r  11 10 12 14  conf  0.1476
12  r  11 10 1 14  conf  0.1499
10  r  11 12 1 14  conf  0.1561
11  r  10 12 1 14  conf  0.1619
1  r  11 10 12  conf  0.1604
12  r  11 10 1  conf  0.1689
10  r  11 12 1  conf  0.1713
12  r  11 10  conf  0.195
8  r  15 14  conf  0.1825
14  r  15 8  conf  0.1868
1  r  15 8  conf  0.1868
8  r  15 1 14  conf  0.1635
14  r  15 1 8  conf  0.1682
1  r  15 14 8  conf  0.1546
1  r  15 14  conf  0.1825
1  r  15  conf  0.2633
8  r  15 12  conf  0.1849
12  r  15 8  conf  0.1868
8  r  15 12 14  conf  0.1546
14  r  15 12 8  conf  0.1623
12  r  15 14 8  conf  0.1546
14  r  15 12  conf  0.1849
12  r  15 14  conf  0.1825
8  r  15 12 1  conf  0.1685
1  r  15 12 8  conf  0.1623
12  r  15 1 8  conf  0.1682
8  r  15 12 1 14  conf  0.1437
14  r  15 12 1 8  conf  0.1511
1  r  15 12 14 8  conf  0.1437
12  r  15 1 14 8  conf  0.1437
14  r  15 12 1  conf  0.1685
1  r  15 12 14  conf  0.1546
12  r  15 1 14  conf  0.1635
1  r  15 12  conf  0.1849
8  r  15 10  conf  0.2089
10  r  15 8  conf  0.1868
8  r  15 10 14  conf  0.1643
14  r  15 10 8  conf  0.1697
10  r  15 14 8  conf  0.1546
10  r  15 14  conf  0.1825
8  r  15 10 1  conf  0.1806
1  r  15 10 8  conf  0.1697
10  r  15 1 8  conf  0.1682
8  r  15 10 1 14  conf  0.1495
14  r  15 10 1 8  conf  0.1538
1  r  15 10 14 8  conf  0.1441
10  r  15 1 14 8  conf  0.1437
15  r  10 1 14 8  conf  0.1658
14  r  15 10 1  conf  0.1806
1  r  15 10 14  conf  0.1643
10  r  15 1 14  conf  0.1635
1  r  15 10  conf  0.2089
10  r  15 1  conf  0.212
8  r  15 10 12  conf  0.165
12  r  15 10 8  conf  0.1697
10  r  15 12 8  conf  0.1623
14  r  15 10 12 8  conf  0.1499
12  r  15 10 14 8  conf  0.1441
10  r  15 12 14 8  conf  0.1437
15  r  10 12 14 8  conf  0.1674
14  r  15 10 12  conf  0.165
12  r  15 10 14  conf  0.1643
10  r  15 12 14  conf  0.1546
8  r  15 10 12 1  conf  0.1515
1  r  15 10 12 8  conf  0.1499
12  r  15 10 1 8  conf  0.1538
10  r  15 12 1 8  conf  0.1511
15  r  10 12 1 8  conf  0.1724
15  r  10 12 1 14 8  conf  0.1534
14  r  15 10 12 1  conf  0.1515
12  r  15 10 1 14  conf  0.1495
10  r  15 12 1 14  conf  0.1437
15  r  10 12 1 14  conf  0.1619
1  r  15 10 12  conf  0.165
12  r  15 10 1  conf  0.1806
10  r  15 12 1  conf  0.1685
10  r  15 12  conf  0.1849
8  r  15 11  conf  0.165
8  r  15 11 14  conf  0.1437
14  r  15 11 8  conf  0.1437
11  r  15 14 8  conf  0.1546
14  r  15 11  conf  0.165
8  r  15 11 1  conf  0.1476
1  r  15 11 8  conf  0.1437
11  r  15 1 14 8  conf  0.1437
14  r  15 11 1  conf  0.1476
1  r  15 11 14  conf  0.1437
11  r  15 1 14  conf  0.1635
1  r  15 11  conf  0.165
12  r  15 11 8  conf  0.1437
11  r  15 12 8  conf  0.1623
11  r  15 12 14 8  conf  0.1437
12  r  15 11 14  conf  0.1437
11  r  15 12 14  conf  0.1546
11  r  15 12 1 8  conf  0.1511
11  r  15 12 1 14  conf  0.1437
12  r  15 11 1  conf  0.1476
12  r  15 11  conf  0.165
8  r  15 11 10  conf  0.1487
10  r  15 11 8  conf  0.1437
15  r  11 10 8  conf  0.167
11  r  15 10 14 8  conf  0.1441
15  r  11 10 14 8  conf  0.1526
14  r  15 11 10  conf  0.1487
10  r  15 11 14  conf  0.1437
11  r  15 10 14  conf  0.1643
15  r  11 10 14  conf  0.1674
11  r  15 10 1 8  conf  0.1538
15  r  11 10 1 8  conf  0.1495
11  r  15 10 1 14  conf  0.1495
15  r  11 10 1 14  conf  0.1499
1  r  15 11 10  conf  0.1487
10  r  15 11 1  conf  0.1476
15  r  11 10 1  conf  0.1689
11  r  15 10 12 8  conf  0.1499
15  r  11 10 12 8  conf  0.1515
15  r  11 10 12 14  conf  0.1476
11  r  15 10 12 1  conf  0.1515
15  r  11 10 12 1  conf  0.1452
12  r  15 11 10  conf  0.1487
15  r  11 10 12  conf  0.1604
10  r  15 11  conf  0.165
8  r  20 14  conf  0.155
8  r  20 12  conf  0.1635
12  r  20 8  conf  0.1631
10  r  20 8  conf  0.1631
10  r  20 14  conf  0.155
10  r  20 1  conf  0.1755
10  r  20 12  conf  0.1635
8  r  20 11  conf  0.1468
10  r  20 11  conf  0.1468
1  r  20 15  conf  0.1557
10  r  20 15  conf  0.1557
1  r  19 12  conf  0.1437
10  r  19 1  conf  0.1643
10  r  19 12  conf  0.1437
10  r  19 15  conf  0.146
20  r  19 1  conf  0.1643
20  r  19 12  conf  0.1437
20  r  19 10  conf  0.1934
20  r  19 15  conf  0.146
8  r  3  conf  0.1693
8  r  3 14  conf  0.1441
14  r  3 8  conf  0.1495
14  r  3  conf  0.1693
8  r  3 1  conf  0.1472
1  r  3 8  conf  0.1495
14  r  3 1  conf  0.1472
1  r  3 14  conf  0.1441
1  r  3  conf  0.1693
8  r  3 12  conf  0.1464
12  r  3 8  conf  0.1495
14  r  3 12  conf  0.1464
12  r  3 14  conf  0.1441
1  r  3 12  conf  0.1464
12  r  3 1  conf  0.1472
12  r  3  conf  0.1693
8  r  3 10  conf  0.1511
10  r  3 8  conf  0.1495
14  r  3 10  conf  0.1511
10  r  3 14  conf  0.1441
1  r  3 10  conf  0.1511
10  r  3 1  conf  0.1472
12  r  3 10  conf  0.1511
10  r  3 12  conf  0.1464
10  r  3  conf  0.1693
11  r  3 8  conf  0.1495
11  r  3 14  conf  0.1441
11  r  3 1  conf  0.1472
11  r  3 12  conf  0.1464
11  r  3 10  conf  0.1511
11  r  3  conf  0.1693
15  r  3 8  conf  0.1495
15  r  3 14  conf  0.1441
15  r  3 1  conf  0.1472
15  r  3 12  conf  0.1464
15  r  3 10  conf  0.1511
10  r  9  conf  0.16
19  r  9  conf  0.16
20  r  2 19  conf  0.146
19  r  2  conf  0.1751
8  r  23  conf  0.1713
8  r  23 14  conf  0.1538
14  r  23 8  conf  0.1456
14  r  23  conf  0.1713
8  r  0 14  conf  0.1612
14  r  0 8  conf  0.167
8  r  5  conf  0.1798
8  r  5 14  conf  0.1588
14  r  5 8  conf  0.1577
14  r  5  conf  0.1798
12  r  5 14 8  conf  0.1511