0.0009
8  r  14  conf  0.435
14  r  8  conf  0.4381
8  r  1 14  conf  0.2555
14  r  1 8  conf  0.2598
8  r  12  conf  0.355
8  r  12 14  conf  0.292
14  r  12 8  conf  0.301
14  r  12  conf  0.355
8  r  12 1  conf  0.2439
12  r  1 8  conf  0.2598
8  r  12 1 14  conf  0.2047
14  r  12 1 8  conf  0.2159
12  r  1 14 8  conf  0.2171
14  r  12 1  conf  0.2439
12  r  1 14  conf  0.2555
8  r  10 14  conf  0.2229
14  r  10 8  conf  0.2229
1  r  10 8  conf  0.2229
8  r  10 1 14  conf  0.1907
14  r  10 1 8  conf  0.195
1  r  10 14 8  conf  0.1845
1  r  10 14  conf  0.2229
8  r  10 12  conf  0.2175
12  r  10 8  conf  0.2229
8  r  10 12 14  conf  0.1794
14  r  10 12 8  conf  0.1891
12  r  10 14 8  conf  0.1845
14  r  10 12  conf  0.2175
12  r  10 14  conf  0.2229
8  r  10 12 1  conf  0.1911
1  r  10 12 8  conf  0.1891
12  r  10 1 8  conf  0.195
8  r  10 12 1 14  conf  0.1619
14  r  10 12 1 8  conf  0.1724
1  r  10 12 14 8  conf  0.1674
12  r  10 1 14 8  conf  0.1658
10  r  12 1 14 8  conf  0.1915
14  r  10 12 1  conf  0.1911
1  r  10 12 14  conf  0.1794
12  r  10 1 14  conf  0.1907
1  r  10 12  conf  0.2175
8  r  11  conf  0.3029
8  r  11 14  conf  0.2536
14  r  11 8  conf  0.2559
14  r  11  conf  0.3029
8  r  11 1  conf  0.2008
8  r  11 1 14  conf  0.1744
14  r  11 1 8  conf  0.1755
14  r  11 1  conf  0.2008
8  r  11 12  conf  0.2299
12  r  11 8  conf  0.2559
8  r  11 12 14  conf  0.2117
14  r  11 12 8  conf  0.2163
12  r  11 14 8  conf  0.2346
14  r  11 12  conf  0.2299
12  r  11 14  conf  0.2536
8  r  11 12 1  conf  0.1713
12  r  11 1 8  conf  0.1755
8  r  11 12 1 14  conf  0.1561
14  r  11 12 1 8  conf  0.1616
12  r  11 1 14 8  conf  0.1604
14  r  11 12 1  conf  0.1713
12  r  11 1 14  conf  0.1744
12  r  11 1  conf  0.2008
8  r  11 10  conf  0.195
8  r  11 10 14  conf  0.1674
14  r  11 10 8  conf  0.167
11  r  10 14 8  conf  0.1845
14  r  11 10  conf  0.195
8  r  11 10 1  conf  0.1689
1  r  11 10 8  conf  0.167
10  r  11 1 8  conf  0.1755
8  r  11 10 1 14  conf  0.1499
14  r  11 10 1 8  conf  0.1495
1  r  11 10 14 8  conf  0.1526
10  r  11 1 14 8  conf  0.1604
11  r  10 1 14 8  conf  0.1658
14  r  11 10 1  conf  0.1689
1  r  11 10 14  conf  0.1674
10  r  11 1 14  conf  0.1744
1  r  11 10  conf  0.195
10  r  11 1  conf  0.2008
8  r  11 10 12  conf  0.1604
12  r  11 10 8  conf  0.167
11  r  10 12 8  conf  0.1891
8  r  11 10 12 14  conf  0.1476
14  r  11 10 12 8  conf  0.1515
12  r  11 10 14 8  conf  0.1526
11  r  10 12 14 8  conf  0.1674
14  r  11 10 12  conf  0.1604
12  r  11 10 14  conf  0.1674
11  r  10 12 14  conf  0.1794
8  r  11 10 12 1  conf  0.1452
1  r  11 10 12 8  conf  0.1515
12  r  11 10 1 8  conf  0.1495
10  r  11 12 1 8  conf  0.1616
11  r  10 12 1 8  conf  0.1724
8  r  11 10 12 1 14  conf  0.134
14  r  11 10 12 1 8  conf  0.1383
1  r  11 10 12 14 8  conf  0.1414
12  r  11 10 1 14 8  conf  0.1375
10  r  11 12 1 14 8  conf  0.1499
11  r  10 12 1 14 8  conf  0.1534
14  r  11 10 12 1  conf  0.1452
1  r  11 10 12 14  conf  0.1476
12  r  11 10 1 14  conf  0.1499
10  r  11 12 1 14  conf  0.1561
11  r  10 12 1 14  conf  0.1619
1  r  11 10 12  conf  0.1604
12  r  11 10 1  conf  0.1689
10  r  11 12 1  conf  0.1713
12  r  11 10  conf  0.195
8  r  15 14  conf  0.1825
14  r  15 8  conf  0.1868
1  r  15 8  conf  0.1868
8  r  15 1 14  conf  0.1635
14  r  15 1 8  conf  0.1682
1  r  15 14 8  conf  0.1546
1  r  15 14  conf  0.1825
1  r  15  conf  0.2633
8  r  15 12  conf  0.1849
12  r  15 8  conf  0.1868
8  r  15 12 14  conf  0.1546
14  r  15 12 8  conf  0.1623
12  r  15 14 8  conf  0.1546
14  r  15 12  conf  0.1849
12  r  15 14  conf  0.1825
8  r  15 12 1  conf  0.1685
1  r  15 12 8  conf  0.1623
12  r  15 1 8  conf  0.1682
8  r  15 12 1 14  conf  0.1437
14  r  15 12 1 8  conf  0.1511
1  r  15 12 14 8  conf  0.1437
12  r  15 1 14 8  conf  0.1437
14  r  15 12 1  conf  0.1685
1  r  15 12 14  conf  0.1546
12  r  15 1 14  conf  0.1635
1  r  15 12  conf  0.1849
8  r  15 10  conf  0.2089
10  r  15 8  conf  0.1868
8  r  15 10 14  conf  0.1643
14  r  15 10 8  conf  0.1697
10  r  15 14 8  conf  0.1546
10  r  15 14  conf  0.1825
8  r  15 10 1  conf  0.1806
1  r  15 10 8  conf  0.1697
10  r  15 1 8  conf  0.1682
8  r  15 10 1 14  conf  0.1495
14  r  15 10 1 8  conf  0.1538
1  r  15 10 14 8  conf  0.1441
10  r  15 1 14 8  conf  0.1437
15  r  10 1 14 8  conf  0.1658
14  r  15 10 1  conf  0.1806
1  r  15 10 14  conf  0.1643
10  r  15 1 14  conf  0.1635
1  r  15 10  conf  0.2089
10  r  15 1  conf  0.212
8  r  15 10 12  conf  0.165
12  r  15 10 8  conf  0.1697
10  r  15 12 8  conf  0.1623
8  r  15 10 12 14  conf  0.1429
14  r  15 10 12 8  conf  0.1499
12  r  15 10 14 8  conf  0.1441
10  r  15 12 14 8  conf  0.1437
15  r  10 12 14 8  conf  0.1674
14  r  15 10 12  conf  0.165
12  r  15 10 14  conf  0.1643
10  r  15 12 14  conf  0.1546
8  r  15 10 12 1  conf  0.1515
1  r  15 10 12 8  conf  0.1499
12  r  15 10 1 8  conf  0.1538
10  r  15 12 1 8  conf  0.1511
15  r  10 12 1 8  conf  0.1724
8  r  15 10 12 1 14  conf  0.1328
14  r  15 10 12 1 8  conf  0.1394
1  r  15 10 12 14 8  conf  0.1344
12  r  15 10 1 14 8  conf  0.134
10  r  15 12 1 14 8  conf  0.1348
15  r  10 12 1 14 8  conf  0.1534
14  r  15 10 12 1  conf  0.1515
1  r  15 10 12 14  conf  0.1429
12  r  15 10 1 14  conf  0.1495
10  r  15 12 1 14  conf  0.1437
15  r  10 12 1 14  conf  0.1619
1  r  15 10 12  conf  0.165
12  r  15 10 1  conf  0.1806
10  r  15 12 1  conf  0.1685
10  r  15 12  conf  0.1849
8  r  15 11  conf  0.165
8  r  15 11 14  conf  0.1437
14  r  15 11 8  conf  0.1437
11  r  15 14 8  conf  0.1546
14  r  15 11  conf  0.165
8  r  15 11 1  conf  0.1476
1  r  15 11 8  conf  0.1437
8  r  15 11 1 14  conf  0.1324
14  r  15 11 1 8  conf  0.132
1  r  15 11 14 8  conf  0.1324
11  r  15 1 14 8  conf  0.1437
14  r  15 11 1  conf  0.1476
1  r  15 11 14  conf  0.1437
11  r  15 1 14  conf  0.1635
1  r  15 11  conf  0.165
8  r  15 11 12  conf  0.1425
12  r  15 11 8  conf  0.1437
11  r  15 12 8  conf  0.1623
8  r  15 11 12 14  conf  0.1305
14  r  15 11 12 8  conf  0.1344
12  r  15 11 14 8  conf  0.1324
11  r  15 12 14 8  conf  0.1437
14  r  15 11 12  conf  0.1425
12  r  15 11 14  conf  0.1437
11  r  15 12 14  conf  0.1546
8  r  15 11 12 1  conf  0.1324
1  r  15 11 12 8  conf  0.1344
12  r  15 11 1 8  conf  0.132
11  r  15 12 1 8  conf  0.1511
8  r  15 11 12 1 14  conf  0.1219
14  r  15 11 12 1 8  conf  0.125
1  r  15 11 12 14 8  conf  0.1254
12  r  15 11 1 14 8  conf  0.1227
11  r  15 12 1 14 8  conf  0.1348
14  r  15 11 12 1  conf  0.1324
1  r  15 11 12 14  conf  0.1305
12  r  15 11 1 14  conf  0.1324
11  r  15 12 1 14  conf  0.1437
1  r  15 11 12  conf  0.1425
12  r  15 11 1  conf  0.1476
12  r  15 11  conf  0.165
8  r  15 11 10  conf  0.1487
10  r  15 11 8  conf  0.1437
15  r  11 10 8  conf  0.167
8  r  15 11 10 14  conf  0.1344
14  r  15 11 10 8  conf  0.1336
10  r  15 11 14 8  conf  0.1324
11  r  15 10 14 8  conf  0.1441
15  r  11 10 14 8  conf  0.1526
14  r  15 11 10  conf  0.1487
10  r  15 11 14  conf  0.1437
11  r  15 10 14  conf  0.1643
15  r  11 10 14  conf  0.1674
8  r  15 11 10 1  conf  0.1355
1  r  15 11 10 8  conf  0.1336
10  r  15 11 1 8  conf  0.132
11  r  15 10 1 8  conf  0.1538
15  r  11 10 1 8  conf  0.1495
8  r  15 11 10 1 14  conf  0.1243
14  r  15 11 10 1 8  conf  0.1231
1  r  15 11 10 14 8  conf  0.1243
10  r  15 11 1 14 8  conf  0.1227
11  r  15 10 1 14 8  conf  0.134
15  r  11 10 1 14 8  conf  0.1375
14  r  15 11 10 1  conf  0.1355
1  r  15 11 10 14  conf  0.1344
10  r  15 11 1 14  conf  0.1324
11  r  15 10 1 14  conf  0.1495
15  r  11 10 1 14  conf  0.1499
1  r  15 11 10  conf  0.1487
10  r  15 11 1  conf  0.1476
15  r  11 10 1  conf  0.1689
8  r  15 11 10 12  conf  0.1309
12  r  15 11 10 8  conf  0.1336
10  r  15 11 12 8  conf  0.1344
11  r  15 10 12 8  conf  0.1499
15  r  11 10 12 8  conf  0.1515
8  r  15 11 10 12 14  conf  0.1219
14  r  15 11 10 12 8  conf  0.1247
12  r  15 11 10 14 8  conf  0.1243
10  r  15 11 12 14 8  conf  0.1254
11  r  15 10 12 14 8  conf  0.1344
15  r  11 10 12 14 8  conf  0.1414
14  r  15 11 10 12  conf  0.1309
12  r  15 11 10 14  conf  0.1344
10  r  15 11 12 14  conf  0.1305
11  r  15 10 12 14  conf  0.1429
15  r  11 10 12 14  conf  0.1476
8  r  15 11 10 12 1  conf  0.1216
1  r  15 11 10 12 8  conf  0.1247
12  r  15 11 10 1 8  conf  0.1231
10  r  15 11 12 1 8  conf  0.125
11  r  15 10 12 1 8  conf  0.1394
15  r  11 10 12 1 8  conf  0.1383
8  r  15 11 10 12 1 14  conf  0.1138
14  r  15 11 10 12 1 8  conf  0.1161
1  r  15 11 10 12 14 8  conf  0.1177
12  r  15 11 10 1 14 8  conf  0.1153
10  r  15 11 12 1 14 8  conf  0.1173
11  r  15 10 12 1 14 8  conf  0.1258
15  r  11 10 12 1 14 8  conf  0.1289
14  r  15 11 10 12 1  conf  0.1216
1  r  15 11 10 12 14  conf  0.1219
12  r  15 11 10 1 14  conf  0.1243
10  r  15 11 12 1 14  conf  0.1219
11  r  15 10 12 1 14  conf  0.1328
15  r  11 10 12 1 14  conf  0.134
1  r  15 11 10 12  conf  0.1309
12  r  15 11 10 1  conf  0.1355
10  r  15 11 12 1  conf  0.1324
11  r  15 10 12 1  conf  0.1515
15  r  11 10 12 1  conf  0.1452
12  r  15 11 10  conf  0.1487
10  r  15 11 12  conf  0.1425
15  r  11 10 12  conf  0.1604
10  r  15 11  conf  0.165
8  r  20 14  conf  0.155
8  r  20 1 14  conf  0.1169
8  r  20 12  conf  0.1635
12  r  20 8  conf  0.1631
8  r  20 12 14  conf  0.12
14  r  20 12 8  conf  0.1336
12  r  20 14 8  conf  0.1262
8  r  20 12 1  conf  0.1266
1  r  20 12 8  conf  0.1336
12  r  20 1 8  conf  0.127
14  r  20 12 1 8  conf  0.1103
1  r  20 12 14 8  conf  0.1115
12  r  20 1 14 8  conf  0.1002
1  r  20 12 14  conf  0.12
12  r  20 1 14  conf  0.1169
10  r  20 8  conf  0.1631
8  r  20 10 14  conf  0.1289
10  r  20 14 8  conf  0.1262
10  r  20 14  conf  0.155
1  r  20 10 8  conf  0.1351
10  r  20 1 8  conf  0.127
8  r  20 10 1 14  conf  0.1068
14  r  20 10 1 8  conf  0.1142
1  r  20 10 14 8  conf  0.106
10  r  20 1 14 8  conf  0.1002
1  r  20 10 14  conf  0.1289
10  r  20 1 14  conf  0.1169
10  r  20 1  conf  0.1755
8  r  20 10 12  conf  0.1328
12  r  20 10 8  conf  0.1351
10  r  20 12 8  conf  0.1336
8  r  20 10 12 14  conf  0.1014
14  r  20 10 12 8  conf  0.1118
12  r  20 10 14 8  conf  0.106
10  r  20 12 14 8  conf  0.1115
10  r  20 12 14  conf  0.12
8  r  20 10 12 1  conf  0.113
1  r  20 10 12 8  conf  0.1118
12  r  20 10 1 8  conf  0.1142
10  r  20 12 1 8  conf  0.1103
14  r  20 10 12 1 8  conf  0.1002
1  r  20 10 12 14  conf  0.1014
12  r  20 10 1 14  conf  0.1068
1  r  20 10 12  conf  0.1328
10  r  20 12 1  conf  0.1266
10  r  20 12  conf  0.1635
8  r  20 11  conf  0.1468
8  r  20 11 14  conf  0.1157
14  r  20 11 8  conf  0.1204
11  r  20 14 8  conf  0.1262
8  r  20 11 1  conf  0.1157
1  r  20 11 8  conf  0.1204
14  r  20 11 1 8  conf  0.0994
1  r  20 11 14 8  conf  0.1052
11  r  20 1 14 8  conf  0.1002
14  r  20 11 1  conf  0.1157
1  r  20 11 14  conf  0.1157
11  r  20 1 14  conf  0.1169
8  r  20 11 12  conf  0.115
12  r  20 11 8  conf  0.1204
8  r  20 11 12 14  conf  0.0994
14  r  20 11 12 8  conf  0.106
12  r  20 11 14 8  conf  0.1052
11  r  20 12 14 8  conf  0.1115
14  r  20 11 12  conf  0.115
12  r  20 11 14  conf  0.1157
11  r  20 12 14  conf  0.12
1  r  20 11 12 8  conf  0.106
12  r  20 11 1 8  conf  0.0994
11  r  20 12 1 8  conf  0.1103
1  r  20 11 12 14  conf  0.0994
1  r  20 11 12  conf  0.115
12  r  20 11 1  conf  0.1157
8  r  20 11 10  conf  0.1235
10  r  20 11 8  conf  0.1204
8  r  20 11 10 14  conf  0.1021
14  r  20 11 10 8  conf  0.1049
10  r  20 11 14 8  conf  0.1052
11  r  20 10 14 8  conf  0.106
14  r  20 11 10  conf  0.1235
10  r  20 11 14  conf  0.1157
8  r  20 11 10 1  conf  0.1037
1  r  20 11 10 8  conf  0.1049
10  r  20 11 1 8  conf  0.0994
14  r  20 11 10 1  conf  0.1037
1  r  20 11 10 14  conf  0.1021
11  r  20 10 1 14  conf  0.1068
1  r  20 11 10  conf  0.1235
10  r  20 11 1  conf  0.1157
8  r  20 11 10 12  conf  0.099
12  r  20 11 10 8  conf  0.1049
10  r  20 11 12 8  conf  0.106
11  r  20 10 12 8  conf  0.1118
14  r  20 11 10 12  conf  0.099
12  r  20 11 10 14  conf  0.1021
10  r  20 11 12 14  conf  0.0994
11  r  20 10 12 14  conf  0.1014
11  r  20 10 12 1 8  conf  0.1002
1  r  20 11 10 12  conf  0.099
12  r  20 11 10 1  conf  0.1037
12  r  20 11 10  conf  0.1235
10  r  20 11 12  conf  0.115
10  r  20 11  conf  0.1468
8  r  20 15 14  conf  0.106
1  r  20 15 8  conf  0.1146
14  r  20 15 1 8  conf  0.1006
15  r  20 1 14 8  conf  0.1002
1  r  20 15 14  conf  0.106
1  r  20 15  conf  0.1557
8  r  20 15 12  conf  0.1134
12  r  20 15 8  conf  0.1146
12  r  20 15 14  conf  0.106
8  r  20 15 12 1  conf  0.1006
12  r  20 15 1 8  conf  0.1006
15  r  20 12 1 8  conf  0.1103
1  r  20 15 12  conf  0.1134
10  r  20 15 8  conf  0.1146
8  r  20 15 10 14  conf  0.099
15  r  20 10 14 8  conf  0.106
10  r  20 15 14  conf  0.106
8  r  20 15 10 1  conf  0.1126
1  r  20 15 10 8  conf  0.1064
10  r  20 15 1 8  conf  0.1006
15  r  20 10 1 8  conf  0.1142
1  r  20 15 10 14  conf  0.099
15  r  20 10 1 14  conf  0.1068
1  r  20 15 10  conf  0.134
10  r  20 15 1  conf  0.1266
8  r  20 15 10 12  conf  0.1033
12  r  20 15 10 8  conf  0.1064
15  r  20 10 12 8  conf  0.1118
14  r  20 15 10 12  conf  0.1033
12  r  20 15 10 14  conf  0.099
15  r  20 10 12 14  conf  0.1014
15  r  20 10 12 1 8  conf  0.1002
1  r  20 15 10 12  conf  0.1033
12  r  20 15 10 1  conf  0.1126
10  r  20 15 12 1  conf  0.1006
15  r  20 10 12 1  conf  0.113
10  r  20 15 12  conf  0.1134
10  r  20 15  conf  0.1557
8  r  20 15 11  conf  0.1052
14  r  20 15 11  conf  0.1052
11  r  20 15 14  conf  0.106
11  r  20 15 1 8  conf  0.1006
15  r  20 11 1 8  conf  0.0994
1  r  20 15 11  conf  0.1052
15  r  20 11 1  conf  0.1157
11  r  20 15 12 1  conf  0.1006
12  r  20 15 11  conf  0.1052
15  r  20 11 10 8  conf  0.1049
11  r  20 15 10 14  conf  0.099
15  r  20 11 10 14  conf  0.1021
15  r  20 11 10 1  conf  0.1037
15  r  20 11 10 12  conf  0.099
10  r  20 15 11  conf  0.1052
1  r  19 8  conf  0.1398
8  r  19 1 14  conf  0.1014
1  r  19 14 8  conf  0.1017
12  r  19 8  conf  0.1398
8  r  19 12 14  conf  0.099
12  r  19 14 8  conf  0.1017
8  r  19 12 1  conf  0.115
1  r  19 12 8  conf  0.1134
12  r  19 1 8  conf  0.1122
1  r  19 12 14  conf  0.099
12  r  19 1 14  conf  0.1014
1  r  19 12  conf  0.1437
10  r  19 8  conf  0.1398
10  r  19 14 8  conf  0.1017
10  r  19 14  conf  0.1348
1  r  19 10 8  conf  0.1169
10  r  19 1 8  conf  0.1122
1  r  19 10 14  conf  0.1115
10  r  19 1 14  conf  0.1014
10  r  19 1  conf  0.1643
8  r  19 10 12  conf  0.1173
12  r  19 10 8  conf  0.1169
10  r  19 12 8  conf  0.1134
10  r  19 12 14  conf  0.099
8  r  19 10 12 1  conf  0.0994
12  r  19 10 1 8  conf  0.099
1  r  19 10 12  conf  0.1173
10  r  19 12 1  conf  0.115
10  r  19 12  conf  0.1437
11  r  19 14 8  conf  0.1017
8  r  19 11 1  conf  0.099
11  r  19 12 14  conf  0.099
12  r  19 11 1  conf  0.099
8  r  19 11 10  conf  0.1049
1  r  19 11 10  conf  0.1049
10  r  19 11 1  conf  0.099
12  r  19 11 10  conf  0.1049
10  r  19 11  conf  0.1262
1  r  19 15 8  conf  0.1017
8  r  19 15 12  conf  0.1017
12  r  19 15 8  conf  0.1017
1  r  19 15 12  conf  0.1017
10  r  19 15 8  conf  0.1017
8  r  19 15 10 1  conf  0.0994
15  r  19 10 1 8  conf  0.099
1  r  19 15 10  conf  0.12
10  r  19 15 1  conf  0.1157
12  r  19 15 10 1  conf  0.0994
15  r  19 10 12 1  conf  0.0994
10  r  19 15 12  conf  0.1017
10  r  19 15  conf  0.146
20  r  19 8  conf  0.1398
20  r  19 14 8  conf  0.1017
20  r  19 14  conf  0.1348
1  r  19 20 8  conf  0.1196
20  r  19 1 8  conf  0.1122
20  r  19 1 14  conf  0.1014
20  r  19 1  conf  0.1643
12  r  19 20 8  conf  0.1196
20  r  19 12 8  conf  0.1134
20  r  19 12 14  conf  0.099
8  r  19 20 12 1  conf  0.1002
1  r  19 20 12 8  conf  0.0994
1  r  19 20 12  conf  0.125
20  r  19 12 1  conf  0.115
20  r  19 12  conf  0.1437
10  r  19 20 8  conf  0.1196
20  r  19 10 8  conf  0.1169
10  r  19 20 14  conf  0.1115
20  r  19 10 14  conf  0.1115
1  r  19 20 10 8  conf  0.1021
20  r  19 10 1 8  conf  0.099
10  r  19 20 1  conf  0.1348
20  r  19 10 1  conf  0.1348
8  r  19 20 10 12  conf  0.1045
12  r  19 20 10 8  conf  0.1021
10  r  19 20 12 8  conf  0.0994
1  r  19 20 10 12  conf  0.1045
10  r  19 20 12 1  conf  0.1002
20  r  19 10 12 1  conf  0.0994
10  r  19 20 12  conf  0.125
20  r  19 10 12  conf  0.1173
20  r  19 10  conf  0.1934
8  r  19 20 11  conf  0.1076
1  r  19 20 11  conf  0.1076
20  r  19 11 1  conf  0.099
10  r  19 20 11  conf  0.1076
20  r  19 11 10  conf  0.1049
20  r  19 11  conf  0.1262
20  r  19 15 8  conf  0.1017
1  r  19 20 15  conf  0.1216
20  r  19 15 1  conf  0.1157
20  r  19 15 12  conf  0.1017
1  r  19 20 15 10  conf  0.1052
20  r  19 15 10 1  conf  0.0994
10  r  19 20 15  conf  0.1216
20  r  19 15 10  conf  0.12
20  r  19 15  conf  0.146
8  r  3  conf  0.1693
8  r  3 14  conf  0.1441
14  r  3 8  conf  0.1495
14  r  3  conf  0.1693
8  r  3 1  conf  0.1472
1  r  3 8  conf  0.1495
8  r  3 1 14  conf  0.1297
14  r  3 1 8  conf  0.1351
1  r  3 14 8  conf  0.1351
14  r  3 1  conf  0.1472
1  r  3 14  conf  0.1441
1  r  3  conf  0.1693
8  r  3 12  conf  0.1464
12  r  3 8  conf  0.1495
8  r  3 12 14  conf  0.1324
14  r  3 12 8  conf  0.1379
12  r  3 14 8  conf  0.1351
14  r  3 12  conf  0.1464
12  r  3 14  conf  0.1441
8  r  3 12 1  conf  0.1313
1  r  3 12 8  conf  0.1379
12  r  3 1 8  conf  0.1351
8  r  3 12 1 14  conf  0.1208
14  r  3 12 1 8  conf  0.1258
1  r  3 12 14 8  conf  0.1285
12  r  3 1 14 8  conf  0.1227
14  r  3 12 1  conf  0.1313
1  r  3 12 14  conf  0.1324
12  r  3 1 14  conf  0.1297
1  r  3 12  conf  0.1464
12  r  3 1  conf  0.1472
12  r  3  conf  0.1693
8  r  3 10  conf  0.1511
10  r  3 8  conf  0.1495
8  r  3 10 14  conf  0.1317
14  r  3 10 8  conf  0.1355
10  r  3 14 8  conf  0.1351
14  r  3 10  conf  0.1511
10  r  3 14  conf  0.1441
8  r  3 10 1  conf  0.1348
1  r  3 10 8  conf  0.1355
10  r  3 1 8  conf  0.1351
8  r  3 10 1 14  conf  0.1196
14  r  3 10 1 8  conf  0.1243
1  r  3 10 14 8  conf  0.1235
10  r  3 1 14 8  conf  0.1227
14  r  3 10 1  conf  0.1348
1  r  3 10 14  conf  0.1317
10  r  3 1 14  conf  0.1297
1  r  3 10  conf  0.1511
10  r  3 1  conf  0.1472
8  r  3 10 12  conf  0.1324
12  r  3 10 8  conf  0.1355
10  r  3 12 8  conf  0.1379
8  r  3 10 12 14  conf  0.1216
14  r  3 10 12 8  conf  0.1262
12  r  3 10 14 8  conf  0.1235
10  r  3 12 14 8  conf  0.1285
14  r  3 10 12  conf  0.1324
12  r  3 10 14  conf  0.1317
10  r  3 12 14  conf  0.1324
8  r  3 10 12 1  conf  0.1212
1  r  3 10 12 8  conf  0.1262
12  r  3 10 1 8  conf  0.1243
10  r  3 12 1 8  conf  0.1258
8  r  3 10 12 1 14  conf  0.1118
14  r  3 10 12 1 8  conf  0.1165
1  r  3 10 12 14 8  conf  0.1181
12  r  3 10 1 14 8  conf  0.1134
10  r  3 12 1 14 8  conf  0.1173
14  r  3 10 12 1  conf  0.1212
1  r  3 10 12 14  conf  0.1216
12  r  3 10 1 14  conf  0.1196
10  r  3 12 1 14  conf  0.1208
1  r  3 10 12  conf  0.1324
12  r  3 10 1  conf  0.1348
10  r  3 12 1  conf  0.1313
12  r  3 10  conf  0.1511
10  r  3 12  conf  0.1464
10  r  3  conf  0.1693
8  r  3 11  conf  0.1398
11  r  3 8  conf  0.1495
8  r  3 11 14  conf  0.1278
14  r  3 11 8  conf  0.1332
11  r  3 14 8  conf  0.1351
14  r  3 11  conf  0.1398
11  r  3 14  conf  0.1441
8  r  3 11 1  conf  0.1262
1  r  3 11 8  conf  0.1332
11  r  3 1 8  conf  0.1351
8  r  3 11 1 14  conf  0.1161
14  r  3 11 1 8  conf  0.1204
1  r  3 11 14 8  conf  0.1231
11  r  3 1 14 8  conf  0.1227
14  r  3 11 1  conf  0.1262
1  r  3 11 14  conf  0.1278
11  r  3 1 14  conf  0.1297
1  r  3 11  conf  0.1398
11  r  3 1  conf  0.1472
8  r  3 11 12  conf  0.1278
12  r  3 11 8  conf  0.1332
11  r  3 12 8  conf  0.1379
8  r  3 11 12 14  conf  0.12
14  r  3 11 12 8  conf  0.1243
12  r  3 11 14 8  conf  0.1231
11  r  3 12 14 8  conf  0.1285
14  r  3 11 12  conf  0.1278
12  r  3 11 14  conf  0.1278
11  r  3 12 14  conf  0.1324
8  r  3 11 12 1  conf  0.1161
1  r  3 11 12 8  conf  0.1243
12  r  3 11 1 8  conf  0.1204
11  r  3 12 1 8  conf  0.1258
8  r  3 11 12 1 14  conf  0.1095
14  r  3 11 12 1 8  conf  0.113
1  r  3 11 12 14 8  conf  0.1177
12  r  3 11 1 14 8  conf  0.1118
11  r  3 12 1 14 8  conf  0.1173
14  r  3 11 12 1  conf  0.1161
1  r  3 11 12 14  conf  0.12
12  r  3 11 1 14  conf  0.1161
11  r  3 12 1 14  conf  0.1208
1  r  3 11 12  conf  0.1278
12  r  3 11 1  conf  0.1262
11  r  3 12 1  conf  0.1313
12  r  3 11  conf  0.1398
11  r  3 12  conf  0.1464
8  r  3 11 10  conf  0.1293
10  r  3 11 8  conf  0.1332
11  r  3 10 8  conf  0.1355
8  r  3 11 10 14  conf  0.1188
14  r  3 11 10 8  conf  0.1231
10  r  3 11 14 8  conf  0.1231
11  r  3 10 14 8  conf  0.1235
14  r  3 11 10  conf  0.1293
10  r  3 11 14  conf  0.1278
11  r  3 10 14  conf  0.1317
8  r  3 11 10 1  conf  0.1177
1  r  3 11 10 8  conf  0.1231
10  r  3 11 1 8  conf  0.1204
11  r  3 10 1 8  conf  0.1243
8  r  3 11 10 1 14  conf  0.1087
14  r  3 11 10 1 8  conf  0.1122
1  r  3 11 10 14 8  conf  0.1142
10  r  3 11 1 14 8  conf  0.1118
11  r  3 10 1 14 8  conf  0.1134
14  r  3 11 10 1  conf  0.1177
1  r  3 11 10 14  conf  0.1188
10  r  3 11 1 14  conf  0.1161
11  r  3 10 1 14  conf  0.1196
1  r  3 11 10  conf  0.1293
10  r  3 11 1  conf  0.1262
11  r  3 10 1  conf  0.1348
8  r  3 11 10 12  conf  0.1188
12  r  3 11 10 8  conf  0.1231
10  r  3 11 12 8  conf  0.1243
11  r  3 10 12 8  conf  0.1262
8  r  3 11 10 12 14  conf  0.1122
14  r  3 11 10 12 8  conf  0.1157
12  r  3 11 10 14 8  conf  0.1142
10  r  3 11 12 14 8  conf  0.1177
11  r  3 10 12 14 8  conf  0.1181
14  r  3 11 10 12  conf  0.1188
12  r  3 11 10 14  conf  0.1188
10  r  3 11 12 14  conf  0.12
11  r  3 10 12 14  conf  0.1216
8  r  3 11 10 12 1  conf  0.1087
1  r  3 11 10 12 8  conf  0.1157
12  r  3 11 10 1 8  conf  0.1122
10  r  3 11 12 1 8  conf  0.113
11  r  3 10 12 1 8  conf  0.1165
8  r  3 11 10 12 1 14  conf  0.1029
14  r  3 11 10 12 1 8  conf  0.106
1  r  3 11 10 12 14 8  conf  0.1099
12  r  3 11 10 1 14 8  conf  0.1045
10  r  3 11 12 1 14 8  conf  0.1072
11  r  3 10 12 1 14 8  conf  0.1087
14  r  3 11 10 12 1  conf  0.1087
1  r  3 11 10 12 14  conf  0.1122
12  r  3 11 10 1 14  conf  0.1087
10  r  3 11 12 1 14  conf  0.1095
11  r  3 10 12 1 14  conf  0.1118
1  r  3 11 10 12  conf  0.1188
12  r  3 11 10 1  conf  0.1177
10  r  3 11 12 1  conf  0.1161
11  r  3 10 12 1  conf  0.1212
12  r  3 11 10  conf  0.1293
10  r  3 11 12  conf  0.1278
11  r  3 10 12  conf  0.1324
10  r  3 11  conf  0.1398
11  r  3 10  conf  0.1511
11  r  3  conf  0.1693
8  r  3 15  conf  0.132
15  r  3 8  conf  0.1495
8  r  3 15 14  conf  0.1188
14  r  3 15 8  conf  0.1204
15  r  3 14 8  conf  0.1351
14  r  3 15  conf  0.132
15  r  3 14  conf  0.1441
8  r  3 15 1  conf  0.1227
1  r  3 15 8  conf  0.1204
15  r  3 1 8  conf  0.1351
8  r  3 15 1 14  conf  0.1115
14  r  3 15 1 8  conf  0.1134
1  r  3 15 14 8  conf  0.1122
15  r  3 1 14 8  conf  0.1227
14  r  3 15 1  conf  0.1227
1  r  3 15 14  conf  0.1188
15  r  3 1 14  conf  0.1297
1  r  3 15  conf  0.132
15  r  3 1  conf  0.1472
8  r  3 15 12  conf  0.1208
12  r  3 15 8  conf  0.1204
15  r  3 12 8  conf  0.1379
8  r  3 15 12 14  conf  0.1126
14  r  3 15 12 8  conf  0.115
12  r  3 15 14 8  conf  0.1122
15  r  3 12 14 8  conf  0.1285
14  r  3 15 12  conf  0.1208
12  r  3 15 14  conf  0.1188
15  r  3 12 14  conf  0.1324
8  r  3 15 12 1  conf  0.113
1  r  3 15 12 8  conf  0.115
12  r  3 15 1 8  conf  0.1134
15  r  3 12 1 8  conf  0.1258
8  r  3 15 12 1 14  conf  0.106
14  r  3 15 12 1 8  conf  0.1083
1  r  3 15 12 14 8  conf  0.1087
12  r  3 15 1 14 8  conf  0.106
15  r  3 12 1 14 8  conf  0.1173
14  r  3 15 12 1  conf  0.113
1  r  3 15 12 14  conf  0.1126
12  r  3 15 1 14  conf  0.1115
15  r  3 12 1 14  conf  0.1208
1  r  3 15 12  conf  0.1208
12  r  3 15 1  conf  0.1227
15  r  3 12 1  conf  0.1313
12  r  3 15  conf  0.132
15  r  3 12  conf  0.1464
8  r  3 15 10  conf  0.1243
10  r  3 15 8  conf  0.1204
15  r  3 10 8  conf  0.1355
8  r  3 15 10 14  conf  0.113
14  r  3 15 10 8  conf  0.1142
10  r  3 15 14 8  conf  0.1122
15  r  3 10 14 8  conf  0.1235
14  r  3 15 10  conf  0.1243
10  r  3 15 14  conf  0.1188
15  r  3 10 14  conf  0.1317
8  r  3 15 10 1  conf  0.1157
1  r  3 15 10 8  conf  0.1142
10  r  3 15 1 8  conf  0.1134
15  r  3 10 1 8  conf  0.1243
8  r  3 15 10 1 14  conf  0.1056
14  r  3 15 10 1 8  conf  0.1076
1  r  3 15 10 14 8  conf  0.1068
10  r  3 15 1 14 8  conf  0.106
15  r  3 10 1 14 8  conf  0.1134
14  r  3 15 10 1  conf  0.1157
1  r  3 15 10 14  conf  0.113
10  r  3 15 1 14  conf  0.1115
15  r  3 10 1 14  conf  0.1196
1  r  3 15 10  conf  0.1243
10  r  3 15 1  conf  0.1227
15  r  3 10 1  conf  0.1348
8  r  3 15 10 12  conf  0.1142
12  r  3 15 10 8  conf  0.1142
10  r  3 15 12 8  conf  0.115
15  r  3 10 12 8  conf  0.1262
8  r  3 15 10 12 14  conf  0.1068
14  r  3 15 10 12 8  conf  0.1095
12  r  3 15 10 14 8  conf  0.1068
10  r  3 15 12 14 8  conf  0.1087
15  r  3 10 12 14 8  conf  0.1181
14  r  3 15 10 12  conf  0.1142
12  r  3 15 10 14  conf  0.113
10  r  3 15 12 14  conf  0.1126
15  r  3 10 12 14  conf  0.1216
8  r  3 15 10 12 1  conf  0.1068
1  r  3 15 10 12 8  conf  0.1095
12  r  3 15 10 1 8  conf  0.1076
10  r  3 15 12 1 8  conf  0.1083
15  r  3 10 12 1 8  conf  0.1165
8  r  3 15 10 12 1 14  conf  0.1002
14  r  3 15 10 12 1 8  conf  0.1029
1  r  3 15 10 12 14 8  conf  0.1033
12  r  3 15 10 1 14 8  conf  0.1006
10  r  3 15 12 1 14 8  conf  0.1025
15  r  3 10 12 1 14 8  conf  0.1087
14  r  3 15 10 12 1  conf  0.1068
1  r  3 15 10 12 14  conf  0.1068
12  r  3 15 10 1 14  conf  0.1056
10  r  3 15 12 1 14  conf  0.106
15  r  3 10 12 1 14  conf  0.1118
1  r  3 15 10 12  conf  0.1142
12  r  3 15 10 1  conf  0.1157
10  r  3 15 12 1  conf  0.113
15  r  3 10 12 1  conf  0.1212
12  r  3 15 10  conf  0.1243
10  r  3 15 12  conf  0.1208
15  r  3 10 12  conf  0.1324
10  r  3 15  conf  0.132
15  r  3 10  conf  0.1511
8  r  3 15 11  conf  0.1153
11  r  3 15 8  conf  0.1204
15  r  3 11 8  conf  0.1332
8  r  3 15 11 14  conf  0.1087
14  r  3 15 11 8  conf  0.1103
11  r  3 15 14 8  conf  0.1122
15  r  3 11 14 8  conf  0.1231
14  r  3 15 11  conf  0.1153
11  r  3 15 14  conf  0.1188
15  r  3 11 14  conf  0.1278
8  r  3 15 11 1  conf  0.1083
1  r  3 15 11 8  conf  0.1103
11  r  3 15 1 8  conf  0.1134
15  r  3 11 1 8  conf  0.1204
8  r  3 15 11 1 14  conf  0.1021
14  r  3 15 11 1 8  conf  0.1037
1  r  3 15 11 14 8  conf  0.1049
11  r  3 15 1 14 8  conf  0.106
15  r  3 11 1 14 8  conf  0.1118
3  r  15 11 1 14 8  conf  0.1227
14  r  3 15 11 1  conf  0.1083
1  r  3 15 11 14  conf  0.1087
11  r  3 15 1 14  conf  0.1115
15  r  3 11 1 14  conf  0.1161
1  r  3 15 11  conf  0.1153
11  r  3 15 1  conf  0.1227
15  r  3 11 1  conf  0.1262
8  r  3 15 11 12  conf  0.1095
12  r  3 15 11 8  conf  0.1103
11  r  3 15 12 8  conf  0.115
15  r  3 11 12 8  conf  0.1243
8  r  3 15 11 12 14  conf  0.1045
14  r  3 15 11 12 8  conf  0.1064
12  r  3 15 11 14 8  conf  0.1049
11  r  3 15 12 14 8  conf  0.1087
15  r  3 11 12 14 8  conf  0.1177
3  r  15 11 12 14 8  conf  0.1254
14  r  3 15 11 12  conf  0.1095
12  r  3 15 11 14  conf  0.1087
11  r  3 15 12 14  conf  0.1126
15  r  3 11 12 14  conf  0.12
3  r  15 11 12 14  conf  0.1305
8  r  3 15 11 12 1  conf  0.1029
1  r  3 15 11 12 8  conf  0.1064
12  r  3 15 11 1 8  conf  0.1037
11  r  3 15 12 1 8  conf  0.1083
15  r  3 11 12 1 8  conf  0.113
14  r  3 15 11 12 1 8  conf  0.0998
1  r  3 15 11 12 14 8  conf  0.1021
11  r  3 15 12 1 14 8  conf  0.1025
15  r  3 11 12 1 14 8  conf  0.1072
3  r  15 11 12 1 14 8  conf  0.1173
14  r  3 15 11 12 1  conf  0.1029
1  r  3 15 11 12 14  conf  0.1045
12  r  3 15 11 1 14  conf  0.1021
11  r  3 15 12 1 14  conf  0.106
15  r  3 11 12 1 14  conf  0.1095
3  r  15 11 12 1 14  conf  0.1219
1  r  3 15 11 12  conf  0.1095
12  r  3 15 11 1  conf  0.1083
11  r  3 15 12 1  conf  0.113
15  r  3 11 12 1  conf  0.1161
12  r  3 15 11  conf  0.1153
11  r  3 15 12  conf  0.1208
15  r  3 11 12  conf  0.1278
8  r  3 15 11 10  conf  0.1107
10  r  3 15 11 8  conf  0.1103
11  r  3 15 10 8  conf  0.1142
15  r  3 11 10 8  conf  0.1231
8  r  3 15 11 10 14  conf  0.1045
14  r  3 15 11 10 8  conf  0.106
10  r  3 15 11 14 8  conf  0.1049
11  r  3 15 10 14 8  conf  0.1068
15  r  3 11 10 14 8  conf  0.1142
3  r  15 11 10 14 8  conf  0.1243
14  r  3 15 11 10  conf  0.1107
10  r  3 15 11 14  conf  0.1087
11  r  3 15 10 14  conf  0.113
15  r  3 11 10 14  conf  0.1188
8  r  3 15 11 10 1  conf  0.1037
1  r  3 15 11 10 8  conf  0.106
10  r  3 15 11 1 8  conf  0.1037
11  r  3 15 10 1 8  conf  0.1076
15  r  3 11 10 1 8  conf  0.1122
3  r  15 11 10 1 8  conf  0.1231
14  r  3 15 11 10 1 8  conf  0.0994
1  r  3 15 11 10 14 8  conf  0.1006
11  r  3 15 10 1 14 8  conf  0.1006
15  r  3 11 10 1 14 8  conf  0.1045
3  r  15 11 10 1 14 8  conf  0.1153
14  r  3 15 11 10 1  conf  0.1037
1  r  3 15 11 10 14  conf  0.1045
10  r  3 15 11 1 14  conf  0.1021
11  r  3 15 10 1 14  conf  0.1056
15  r  3 11 10 1 14  conf  0.1087
1  r  3 15 11 10  conf  0.1107
10  r  3 15 11 1  conf  0.1083
11  r  3 15 10 1  conf  0.1157
15  r  3 11 10 1  conf  0.1177
8  r  3 15 11 10 12  conf  0.1049
12  r  3 15 11 10 8  conf  0.106
10  r  3 15 11 12 8  conf  0.1064
11  r  3 15 10 12 8  conf  0.1095
15  r  3 11 10 12 8  conf  0.1157
3  r  15 11 10 12 8  conf  0.1247
8  r  3 15 11 10 12 14  conf  0.1002
14  r  3 15 11 10 12 8  conf  0.1021
12  r  3 15 11 10 14 8  conf  0.1006
10  r  3 15 11 12 14 8  conf  0.1021
11  r  3 15 10 12 14 8  conf  0.1033
15  r  3 11 10 12 14 8  conf  0.1099
3  r  15 11 10 12 14 8  conf  0.1177
14  r  3 15 11 10 12  conf  0.1049
12  r  3 15 11 10 14  conf  0.1045
10  r  3 15 11 12 14  conf  0.1045
11  r  3 15 10 12 14  conf  0.1068
15  r  3 11 10 12 14  conf  0.1122
3  r  15 11 10 12 14  conf  0.1219
1  r  3 15 11 10 12 8  conf  0.1021
12  r  3 15 11 10 1 8  conf  0.0994
10  r  3 15 11 12 1 8  conf  0.0998
11  r  3 15 10 12 1 8  conf  0.1029
15  r  3 11 10 12 1 8  conf  0.106
3  r  15 11 10 12 1 8  conf  0.1161
15  r  3 11 10 12 1 14 8  conf  0.1006
3  r  15 11 10 12 1 14 8  conf  0.1099
1  r  3 15 11 10 12 14  conf  0.1002
11  r  3 15 10 12 1 14  conf  0.1002
15  r  3 11 10 12 1 14  conf  0.1029
3  r  15 11 10 12 1 14  conf  0.1138
1  r  3 15 11 10 12  conf  0.1049
12  r  3 15 11 10 1  conf  0.1037
10  r  3 15 11 12 1  conf  0.1029
11  r  3 15 10 12 1  conf  0.1068
15  r  3 11 10 12 1  conf  0.1087
3  r  15 11 10 12 1  conf  0.1216
12  r  3 15 11 10  conf  0.1107
10  r  3 15 11 12  conf  0.1095
11  r  3 15 10 12  conf  0.1142
15  r  3 11 10 12  conf  0.1188
3  r  15 11 10 12  conf  0.1309
10  r  3 15 11  conf  0.1153
11  r  3 15 10  conf  0.1243
15  r  3 11 10  conf  0.1293
11  r  3 15  conf  0.132
15  r  3 11  conf  0.1398
8  r  3 20  conf  0.108
14  r  3 20  conf  0.108
1  r  3 20  conf  0.108
12  r  3 20  conf  0.108
8  r  3 20 10  conf  0.099
14  r  3 20 10  conf  0.099
1  r  3 20 10  conf  0.099
12  r  3 20 10  conf  0.099
10  r  3 20  conf  0.108
11  r  3 20 10  conf  0.099
11  r  3 20  conf  0.108
15  r  3 20 10  conf  0.099
8  r  9 14  conf  0.1029
14  r  9 8  conf  0.115
8  r  9 1  conf  0.1235
1  r  9 8  conf  0.115
14  r  9 1 8  conf  0.0998
1  r  9 14  conf  0.1029
8  r  9 12  conf  0.1115
12  r  9 8  conf  0.115
12  r  9 14  conf  0.1029
12  r  9 1 8  conf  0.0998
1  r  9 12  conf  0.1115
8  r  9 10  conf  0.1289
10  r  9 8  conf  0.115
14  r  9 10 8  conf  0.1041
10  r  9 14  conf  0.1029
8  r  9 10 1  conf  0.1064
1  r  9 10 8  conf  0.1041
10  r  9 1 8  conf  0.0998
1  r  9 10  conf  0.1289
10  r  9 1  conf  0.1235
8  r  9 10 12  conf  0.0994
12  r  9 10 8  conf  0.1041
14  r  9 10 12  conf  0.0994
1  r  9 10 12  conf  0.0994
12  r  9 10 1  conf  0.1064
10  r  9 12  conf  0.1115
10  r  9  conf  0.16
8  r  9 11  conf  0.106
11  r  9 8  conf  0.115
14  r  9 11  conf  0.106
11  r  9 14  conf  0.1029
11  r  9 1 8  conf  0.0998
1  r  9 11  conf  0.106
12  r  9 11  conf  0.106
11  r  9 12  conf  0.1115
11  r  9 10 8  conf  0.1041
11  r  9 10 1  conf  0.1064
11  r  9 10 12  conf  0.0994
10  r  9 11  conf  0.106
8  r  9 15  conf  0.1142
15  r  9 8  conf  0.115
15  r  9 14  conf  0.1029
8  r  9 15 1  conf  0.1014
15  r  9 1 8  conf  0.0998
1  r  9 15  conf  0.1142
15  r  9 1  conf  0.1235
12  r  9 15 1  conf  0.1014
12  r  9 15  conf  0.1142
15  r  9 12  conf  0.1115
8  r  9 15 10  conf  0.0998
15  r  9 10 8  conf  0.1041
14  r  9 15 10  conf  0.0998
1  r  9 15 10  conf  0.0998
10  r  9 15 1  conf  0.1014
15  r  9 10 1  conf  0.1064
12  r  9 15 10  conf  0.0998
15  r  9 10 12  conf  0.0994
10  r  9 15  conf  0.1142
11  r  9 15 10  conf  0.0998
15  r  9 11  conf  0.106
20  r  9 8  conf  0.115
20  r  9 14  conf  0.1029
8  r  9 20 1  conf  0.1006
20  r  9 1 8  conf  0.0998
20  r  9 1  conf  0.1235
12  r  9 20 1  conf  0.1006
20  r  9 12  conf  0.1115
8  r  9 20 10  conf  0.1087
20  r  9 10 8  conf  0.1041
1  r  9 20 10  conf  0.1087
10  r  9 20 1  conf  0.1006
20  r  9 10 1  conf  0.1064
20  r  9 10 12  conf  0.0994
10  r  9 20  conf  0.1274
20  r  9 10  conf  0.1289
20  r  9 11  conf  0.106
15  r  9 20 1  conf  0.1006
20  r  9 15 1  conf  0.1014
20  r  9 15 10  conf  0.0998
20  r  9 15  conf  0.1142
19  r  9 8  conf  0.115
8  r  9 19 1  conf  0.1006
19  r  9 1 8  conf  0.0998
19  r  9 1  conf  0.1235
19  r  9 12  conf  0.1115
8  r  9 19 10  conf  0.106
19  r  9 10 8  conf  0.1041
1  r  9 19 10  conf  0.106
10  r  9 19 1  conf  0.1006
19  r  9 10 1  conf  0.1064
19  r  9 10 12  conf  0.0994
10  r  9 19  conf  0.1289
19  r  9 10  conf  0.1289
15  r  9 19 1  conf  0.1006
19  r  9 15 1  conf  0.1014
19  r  9 15 10  conf  0.0998
19  r  9 15  conf  0.1142
20  r  9 19 1  conf  0.1006
19  r  9 20 1  conf  0.1006
10  r  9 19 20  conf  0.1087
20  r  9 19 10  conf  0.106
19  r  9 20 10  conf  0.1087
20  r  9 19  conf  0.1289
19  r  9 20  conf  0.1274
19  r  9  conf  0.16
19  r  2 10  conf  0.1227
20  r  2 19 10  conf  0.1103
20  r  2 19  conf  0.146
19  r  2 20  conf  0.1274
19  r  2  conf  0.1751
8  r  23  conf  0.1713
8  r  23 14  conf  0.1538
14  r  23 8  conf  0.1456
14  r  23  conf  0.1713
8  r  23 1  conf  0.1064
8  r  23 1 14  conf  0.099
14  r  23 1  conf  0.1064
8  r  23 12  conf  0.1212
8  r  23 12 14  conf  0.1181
14  r  23 12 8  conf  0.1146
12  r  23 14 8  conf  0.1383
14  r  23 12  conf  0.1212
12  r  23 1 14  conf  0.099
12  r  23 1  conf  0.1064
10  r  23 1 14  conf  0.099
8  r  23 11  conf  0.1196
8  r  23 11 14  conf  0.1142
14  r  23 11 8  conf  0.1107
14  r  23 11  conf  0.1196
8  r  23 11 12  conf  0.1021
12  r  23 11 8  conf  0.1107
11  r  23 12 8  conf  0.1146
8  r  23 11 12 14  conf  0.1006
12  r  23 11 14 8  conf  0.108
11  r  23 12 14 8  conf  0.1126
14  r  23 11 12  conf  0.1021
12  r  23 11 14  conf  0.1142
11  r  23 12 14  conf  0.1181
12  r  23 11  conf  0.1196
11  r  23 12  conf  0.1212
8  r  0 14  conf  0.1612
14  r  0 8  conf  0.167
8  r  0 12  conf  0.1037
8  r  0 12 14  conf  0.1014
14  r  0 12 8  conf  0.1002
14  r  0 12  conf  0.1037
8  r  0 11  conf  0.1103
8  r  0 11 14  conf  0.1052
14  r  0 11 8  conf  0.1045
14  r  0 11  conf  0.1103
12  r  0 11 8  conf  0.1045
11  r  0 12 8  conf  0.1002
12  r  0 11 14 8  conf  0.101
12  r  0 11 14  conf  0.1052
11  r  0 12 14  conf  0.1014
11  r  0 12  conf  0.1037
8  r  0 23  conf  0.1083
8  r  0 23 14  conf  0.1029
14  r  0 23 8  conf  0.1014
14  r  0 23  conf  0.1083
23  r  0 12 8  conf  0.1002
23  r  0 12 14  conf  0.1014
8  r  5  conf  0.1798
8  r  5 14  conf  0.1588
14  r  5 8  conf  0.1577
14  r  5  conf  0.1798
8  r  5 12  conf  0.1282
8  r  5 12 14  conf  0.1258
14  r  5 12 8  conf  0.1258
12  r  5 14 8  conf  0.1511
14  r  5 12  conf  0.1282
8  r  5 11  conf  0.1231
8  r  5 11 14  conf  0.1216
14  r  5 11 8  conf  0.1196
14  r  5 11  conf  0.1231
8  r  5 11 12  conf  0.1068
12  r  5 11 8  conf  0.1196
11  r  5 12 8  conf  0.1258
8  r  5 11 12 14  conf  0.1056
14  r  5 11 12 8  conf  0.1052
12  r  5 11 14 8  conf  0.1181
11  r  5 12 14 8  conf  0.1239
14  r  5 11 12  conf  0.1068
12  r  5 11 14  conf  0.1216
11  r  5 12 14  conf  0.1258
12  r  5 11  conf  0.1231
11  r  5 12  conf  0.1282
8  r  5 0  conf  0.1181
8  r  5 0 14  conf  0.1014
14  r  5 0 8  conf  0.1017
14  r  5 0  conf  0.1181
10  r  4 19  conf  0.1006
19  r  4 10  conf  0.1002
20  r  4 19  conf  0.1006
20  r  18  conf  0.1072
20  r  18 19  conf  0.099
19  r  18  conf  0.1072
2  r  18 19  conf  0.099
2  r  18  conf  0.1072