1 2 6
0 14 32 38 43
9 10 18 20 22 27 31 33 34 38 49
24 29 38 40 48
9 17 18 31
3 7 16 21 30 35 37
2 6 22 24 25 39 44 47
1 6 7 17 18 25 27 36
3 7 9 46 47
23 30
4 14 15 18 19
0
37
3 8 9 11 14 17
7 8 11 13 26 36 37 40
0 5 9 19 23 45
10 19 23 44 47
13 19 30 45
7 12 33 36
2 3 15 16 29 46
13 15 17 19 40 41 44
7 20 42
12 22 23 29 49
15 32 42
47
3 8 11 14 19 20 35 39 49
12 14 27 40
32 35 41
3 11 20 29 40 42
13 39 45
2
7 17 18 19 32 33 40
0 12 14 28 47
9 15 41 47
7 9 19
5 46
41
3 6 12 17 19 39
2 11 27 28 31 34 44
29 48
1 5 17 48
6 18 29 34 41 45
1 14 20 22
7 13 19 25 33 35 37 47
1 3 39 42
10 13 16 25 34 40
15 16 24 33
0 1 39
25 40 43 44 48
8 21 35
47
11 12 35 41 44 48
0 10 11 15 33 39
29 35 43
35 39
5 28 39 40 41
2 14 15 17 30 43 48
2 3 15 32 36 41 43
4 15 31 32 47 49
7 9 24 29 35
10 12 16 43
13 18 43 49
0 2 6 25 32 47
9 14 29 30 47
34 36 44 47
15 25 39 43
2 3 6 11 15 30 41
1 2 19 30 43 49
36 42
0 1 33 36
5 21 30 33 39 41 48
38
15 26 29 42
3 13 49
2 6 13 17 34 35 40 41
18 30 32
8 10 21 22 35 40 41 43
16 26
4 26 34 37
14 26 29 48
0 11 16 26 35
0 18 19 25 41 44
6 7 16 17 28 29 35 46 48
5 17 24 25 31 34 42 45
7 22 43 48 49
39
14 22 36 40 49
1 5 16 17 32 49
4 9 10 12 14 17 44 47
7 15 30 35
2 31 39 46
6 20 27 34 49
2 11 16 20 25 34
0 3 47
7 9 15 23
15 17 25 31 38 41
12 32 33 41
1 2 5 23 30 34 45
11 13 23 28
0 36 42 43
18 21 32 38
3 10 15
46
10 21 26 37
6 14 17 23 31 36 44 46
1 5 39
4 10 12 17 35 49
25 26 31 35 45 49
3 4 22 26 37 41 45
0 12 15 18 20 25 29 39 41
23 36 38 41 44 48
13 14 21 39 43 46 49
3 13 18 24 26 30 33 34 41 44
22 29 32 35
4 32 36 45
18 27 38
2 22
18 26 32 34 47
0 1 2 27 28 34 41 44 49
6 14
6 17 26 36 42 45 47
5 20 26 34
10 28
0 25 46
3 4 6 17 33 45
29 41
0 7 40 44
25 28 38 42 48
11 23 24
12 31 42
3 12
3 20 22
2 3 15
17 29 43 48 49
3 11 16 25 32
3 11 36 44 49
11 26 46
20 41
5 15 22 29 40 49
3 4 25 26 27 36 37
3 11 17 24 30 33
0 26 38 39
7 9 11 41 46
3 4 8 9 14
9 13 14 15 35 41 49
3 7 28 31 35
1 3 31
4 10 12 24 30 49
10 17 21 32 36 46 47
11 21 28 41 46
1 9 20 32 49
13 18 37 44
6 35 40 45 49
3 6 15 27
11 17 24 44 46
18 29 35
8 17 22 42
9 16 21 22 26 38 45
46
14 39 42
3 11 28 38
3 11 23 28
47
29 41 43
0 11 16 31 43
0 21 35
7 17 19 21 34 37
8 18 33 35
1 3 36 38 45
0 1 15 43
8 13 17 31
1 2 3 14 29 40
1 24
2 5 11 14 20 22 30 39 47
0 3 4 21
9 16 20 40 46
7 16 21
4 12 14 20 27 30 39 49
2 7 13 25 36 47
15
2 6 7 22 26 28 34
2 15 16 32
5 7 9 15 18 25 29 32 40
13 14 18 19 28 33 43 45 49
15 17 23 34
5 15 21 24 48
7 10 28 42 46
22 25 32 40
17 20 35
31
6 12 22 25 39 41
0 2 10 15 17 19 29 30
26 27 33 41 43
0 23 29 34 44 47
33 39 47
7 16 36 37 44 47
8 19 40 42

1 9 18 23 32 35 49
2 10 15 26 28 29 33 36 49
14 18 20 26 42 49
5 6 20 32 35 38
11 15 17 20 21 28 30 36 41
29 36 42 44
12 31
1 9 14
0 24 26 30 33 38 46
1 3 28 43 46
23
1 22 31 45
6 15 19 24 33 38 40
7 9
5 7 16 25 38 39
2 6 22 26 42 46
0 5 9 16 33 34
18 26 28 30 41 43
1 3 13 17 20 25 34 43 49
12 23 35
18 30
27 36 37 49
0 41 43 48
3 7 34
6 7 8 16 19 24 46
10 12 14 23 34 37 40
3 9 11 27 45
16 19 23 26 29 32 41 44
4 11 12 32
9 24 47
7 20 40 41 44 47
4 11 20 25
8 18 19 24 34 39
12 20 31 36
2 15 34 36 38 42 43 45 49
0 2 20 34 45 49
0 6 16 17 32
0 1 4 14 19 36 38
5 19 20 22 36
16 18 27 29 30 44 47
11 27 29 33 46
0 15 18 22 31
8 15 18 21 25 41 46
15 19 26 31
13 16 36 48 49
9 46
3 10 22 44
3 9 11 13 29 31 39 44
31
9 17 20 44 49
0 1 4 9 13 17 37 48
15 30
3 11 43 45 47
9 12 13 26 36 38 41 45
1 14 15 21 32
0 9 19 23 39 42
17 40 47
2 15 22 30 37 45 46
15 25 37 47
9
0
8 9 10 18 22 28 35 37
3 5 26
6 11 18 41 43
0 3 4 16 29 34 47
9 29 31 37 46
8 25 29 49
10 22 24 25 29 30 33 48
30 31 36 38 42 45 48
12 14 20 22 27 28 31
1 20 35 39 41 47
11 22 29
6 8 26 33 36 39 41 45
4 24 39
13 19 23 44
5 15 21 22 24 37 46
6 10 32 37 39 49
2 19 38 41 44
42
2 4 14 35 39 46
6 9 17 19 21 31 39 40 46
18
6 14 15 16 18 34 40 46
26 31 38 39 43
3 6 9 43
3 29 43 47
5 8 16 18 33 34
2 21 23 48
7 13 20 36 41
9 12 22 23 35 44
5 7 18 30 33 40 41 43 48
15 17 22 29 34 38 41 47 48
0 24 29
7 12 14 21 28 34 36 47
1 20 28 46 48
0 7 15 16
6 26 40 49
8 12 13 33 42 44
0 10 22 23 28 42
24 48
11 42 46
16 25 35 49
1 19 22 23 38
6 12 16 19 21 26 49
27 29
13 21 24 26 35 37
7 16 19 24 29 32 38 41
14 21 30 41
4 11 16 23 46
3 6 13 20 40 42 48
22 26 27 33
1 10 13 18 22 25 40
21 23 37 40 41 45
34 48 49
5 23 27
3 6 10 39 40 42
0 6 9 15 19 48
6 18 32 40 45
2 16 19 31 34 37 41
15 24 30 38 48
3 19 33 39
37 49
21 41 45
2 24 29 30
4 6 9 42
0 8 16 25 33 40 43 44 45
6 21 27 28 32 48
24 31 35
6 25
0 2 9 21 27 48
13 14
7 24
9 11 17 27 31 34 36 49
13 14 20 24 27 33 38 44
0 4 8 10 22 24 34 35 43
8 21 27 40 46
0 5 16 21
5 14 33 44
7 8 32 41
26 32 35 40 41 49
5 12 32
19 21 24
21 28 32 34
0 1 5 15 18 26 42 43 45 46
13 14 32 41 47
17 27 28
3 12 14 18 24 30 39 45
12 19 28 34 46
5 17 28 40 44 47
15 17 25
2 7 17 23 43 46
11 17 28 36 38
46 48
12 13 32 37 40 44 47
10 23 33 35 49
1 2 7 17
19 32 35 36 40 47
14 34 49
7 11 18 31 33 41

0 5 14 17 20 27 34 41
4 15 33 48
24 28 29 42 46
2 12 13 30 38
4 20 31 36 38 47
3 8 22 29 30 44 49
24
11
5 12 24 44
15 18 25 33 34 37 39 42
19 34 36 38 41
17
26 28 29 31 35 41
12 16 22 24 35 40 43
16 27
1 14 28 29 32
2 4 16 18 19 20 26 28
0 2 13 28 33 48 49
0 6 18 22 46
6 21 32 38 43
0 1 18 36 45
19 38
4 6 11 36 37 46
7 8 20 21 31 38
9 20 30 49
0 18 19 22 25 26 28 48
2 34 48
0 4 5 9 22
15 18 26 30 36
4 6 12 14 16 25 27 29 34
4 12 15 26 37 38 40
1 27 42
4 18 28 34 47
11 16
19 27 36 39 41
20 32 39 44 48
15 25 39 49
0 21 40
12 29 36 45
30
0 3 13 29 34
4 12 14 33 39 41 49
12 16 20 23 31 35 42 43 44 47
0 3 8 10 16
13 49
6 7 9 15 36 41 47
2 4 38 45
12 14 20 27 33 40 44
13 17 39
1 5 11 13 30 39
10 18 21 34 39
0 1 17 41
19 31 35 36 45 47 48
4 15 18
36
1 20 43
7 18 43
13 34 46 47
21 42 49
17 25 27 31
14
36
13 14 33 37 39 44 48
14 15 44 46 48
2 3 6 26 33 35 47
3 5 34 38 40 43 48
7 14 15 43 44 46
8 10 41
18 42
7 13 20 30 31
5 17 20 29 42 44
2 3 4 6 11
5 7 11 27 43
2 49
4 6 14 30
2 7 26 30 34 36 39 43 47 48
22 24 34 36 42 45
36 37 42 44 45
2 6 7 9 13 18 21 38 40 43 49
4 44 49
9 14 34 40
26 30 32
19 23 35 41
9 16 19 20 22 27 30 31 36
22 27 29 32 37 49
2 19 41 49
22
13 43
5 12 23
3 5 20 23 24 25 26 31 37
4 38 48
6 19 32
0 14 20 22 26
19 21 26
5 43
11 14 15 18 33
3 36 46
15 25
1 10 35 38
25 35 38 49
0 4 17 26 35 41 42
5 17 20 26 35 46
29 31 41 44
2 7 15 22 29 43
8 12 14 16 17
0 9 10 11 12 15 27 29 32 36
0 19 23 35 40
7 22 29 37 39 44 47
2 17 22 23 30 36 49
19 29 39
6 14 15 20 43
6 18 19 33
2 4 29 38
18 29 32 38 40 44
0 1 11 14 35 38 39 42
0 3 7 13 18 29
2 11 14 41 45
11 31 40 41
3 18 28 40 42 48 49
17 22 26 30 33 45
12 14 26
9 10 29 31 34
15 19 38 48
20 25 29 33 34
13 36 41 45
8 15 23 24 37 40 46
1 6 17 28 29 39
26 39
4 5 9 10 14 21 25 28 29 39 42
5 6 34 35 36
2 20 34 42
5 46
8 11 21 25 39 45 48
0 14 15 23 38
2 8 28 38 41
0 2 22 25 39
11 21 26 39 40 44
2 3 8 10 25 35 40
20 35 45 49
4 10 12 26 48
1 20
15 22 31 32 34 43
15 19 21 24 25 46
2 19 27 35
6 9 17 28 35 36 37
12 21 32 37 45
0 3 22 37
0 22 41 45 46
9 16
4 12 15 16 29 37 39
1 3 11 14 44 46 47
13 17 43 44
4 22 32 34
4 35
8 9 16 25 34
5 6 9 20 27 31 32 35 39
3 9 27 45
3 8 12 17 19 22 25 30 31 35 36
7 9 21 22 25 35 42 47
12 24 39 42 46
1 3 9 10 12 18 35 36
2 9 14 25 26 30 32 43
12 39 47
6 10 19 31 40
23 25 38 44
1 8 17 23 35 38 40
6 10 17
1 28
7 17 37 49
2 39
10 13 24 42
8 10 21 22 30 35 46
5 6 9 11 16 18 25 30 32 36 37 39 43
0 1 13 29 30 33 35 38 48
32 39
11 12 39 44 45
0 6 23 31 41 48
0 25
5 12 20 37 44
25 26 33 39 41 46 49
2 9 28 45
6 7 15 18 24 38
10 26 27 36
17 30 35
4 9 19 20 26
3 13 49
1 36
0 1 7 16 22 23 25 38 39
3 14 18 21
7 9 12 21 23 31 32 48
4 27 29
17
3 12 26
15 26 49
8 12 25 27 37
3 10 38 39
0 5 7 8
2 11 13 19 20 49
8 11 22 24 33 39
14 28 30 38 46
0 18 39 40 43
12 15 19 23 25 30 35
4 6 13 25 33 47
23 30 33 34 38
9 11 17 24 45
12 13 16 25 39 40 48 49
0 19 39 43 44
15 19 25 46
48
6 11 12 16 22 26 36 41
21 36 42 46 49
2 20 33 38 44 49
5 13 21 22 47
30 37 38
0 21 35 46
3 5 7 8
0 3 27 43 46
2 4 36 37 42 46
4 9 15 35
8 11 12 16 27 29 38 42 47
13 20 26 27 29 32
22 39
3 20 42 49
8 17 19 26 48
2 9 21 27 35 41 43 44 45
9 12 19 39 44
43
2 13 17 20 25 28 34
7 15 17 22 25 30 38 39
18
5 12 16 17 27 42 45
0 5 6 9 12 15 18 19 26 34
20 29 30 32 34 38 39 45
3 6 8 19 21 26 34 38 47 49
29 40 41 44
1 6 13 46 47
0 19 23 35
6 10 12 32 39
3 13 17 21 29 42 45
2 6 18 27 30 34 36 46
10 19 28 30 39
8 42 43 49
29 30 38
5 9 36 44 47
24 38 40
0 6 8 26 42
1 11 31 42
8 12 17 26 38 40
15 34 48
0 4 10 12 15 20
7 10 11 15 16 19 26 28 33 38 42
9 28 41 42 45
16 19 37
6 8 19 21 24 40 43
7 12 20 21 36 37 46
6 15 17 31 42
6 8 17 21 22 23 29 31 46 47
0 11 20 35
5 22 36 40 45
7 31 40
5 18 20 25 27 28 46
0 6 29 37 44
2 10 15 39
3 8 12 36 39
19 20
0 2 25 35 40
1 13 17 30 32 39 43
18 41
15 19 25 29 34 37 38
6 13 16 18 22 23 38 39 44
3 17 25 33
3 6 11 17 36 39 42 43
21 31 37 45
0 13 20 23 32
30 48
8 10 23 42 49
4 7 14 16 37 39
2 27 39 42 45
3 6 13 34 35
7 13 14 16 18 21 29
5 26 33 41 45
5 19 24 29 32
0 1 6 20 23 31 45
2 8 23 38 40
4 37 44 46
5 8 15 17 33 36 48
8 16 19 33
2 19 28 32 35 36
1 14 30 35 36
10 18 23 36 44 46 48
16
12 17 34
11 34 37 46
3 5 7 13 44 47
9 33 34 44
16 25 35 36 38
0 3 12 14 19 21 24 26 35 36 39
1 10 16 35 40
8 14 20 23 25 34 36
4 10 21 33 34
1 22 29 40
8 10 18 30 34 41
2 12 18 21 27 38 42
2 5 14 43 49
2 13 18 21 35 44
14 24 31 45
19 35 42
28 37 42 47 49
27 35
12 24 29 31 49
1 2 3 10 31 33
9 22
7 15 33 37
5 11 13 17 35 46
3 7 13 39 42
0 3 18 19
21 24 34 39 42 44
16 19 40 44
0 25 27 34 40
9 10 12 18 22 33 34 45 47
4 5 8 13 21 28 30 32 46
5 12 24 26 46
7 14 42 43 46
6 17 18 34 38
6 18 38 48
12 17 27 28 32
13 14 41 47
0 31 36 45
7 20 34 37 43 47 49
17 24 28 34 45 49
8 12 15 42
0 12 17
3 11 13 24 41
2 3 5 6 18 29 47
1 9 12 15 16 21 23 39
1 16 41 45 47 49
6 24 40 43
30 38 43 44
5 7 13 37 39 44 47
8 9 38 39 43 45
20 40 47
4 15 33 34
8 15 20 23 28 44 47
7 12 27 28 34 39
4 16 20 40 42
17 21 34 37
9
3 6 21 33 45
0 6 9 23 29 33 34 43 46
11 23 27 30 35
5 6 18 47
5 13 16 21 24 36
3 5 7 12 22 40
10 11 12 25 28 36 43 48
5 29 30 34 43
7 8 13 40
21
10 22 31 37 39 42 44
29 36 38 39 43
5 7 10 20 24 26 45 48
2 12 33 35
4 21 27 31 39
4 8 22 36
1 20 30 44
0 14 16 22 29 32 33 44 49
8 25 32 36 37 42 43 45
15 37 40
6 14 38
3 14 30 38 48
26
5 8 24
7 9 12 27 28 29 30 35 42 43
12 30 43
7 18 31
16 20 22 24
7 9 36 47 49
5 26 33 41 46
5 23 25 28
5 22 34 36 43
5 11 14 18 21 23 39
8 30 33 41
4 8 34 41 45
3 24 28 34 35
4 21 31 34 36
11 20 29 39
14 15 41 45 47
10 32 37
0 8 12 22 28 32 37 41
15 18 49
20 47
0 4 6 29 38 46
3 12 13 25 32 34 45
1 15 18 32 37 47 49
8 10 12 21 26 29 46 48
6 14 15 20 27 38
12 23 32 35
4 17 26 29 41
0 13 21 22 26 28 38 43
6 37 41 42
13 48
17 19 28 32 33 45 49
6 18 27 29 44 49
16 19 24 30 33 42
27 34 36
14
7 27 29 39 41 44
3 6 12 17 29 36 39
5 10 19 32 33 45
3 7 8 16 27 32
40
2 7 11 45 46 47 48
24 32 33
6 9 12 17 31 35 46
7 8 10 12 16 31 37
18 22 44 45 48
3 8 25 32 43 46
29 46 47 49
0 15 20 25 30 44 45 46
6 9 14 29 34
7 14 24 36 45 48
8 27 42 47
0 6 9 27 35
4 20 21 24 27 30 43
10 15 20 26 27 38
3 18 41
19 27 42
2 5 8 22 25
15 17 37
7 14 23 25 47 48
25 40 42
14 46 49
23 29 31 46
2 5 7 12 16
4 6 12 19 26 31 41
0 8 11
20 21 23 45 47
0 12 14 16 23 26 31 32 44 47 48
14 18 22 47
16 17 19 20 22 25 31 34 36 45 48
0 28 32 36 45 49
38 42
17 25 40 42
5 9 20 38 41
14 35 47
1 6 10 16 30
11 42 46 49
25 39
11 28
0 5 17 31 47 48 49
7 17 18 30 36 38 39 42
2 16 18 22 34 44 45
1 3 16 24
11 22 23 34
8 18 31 45
9 16 23 26 34 35 49
27 33 38 40 45
3 19 33 42
0 12 22 28
5 7 12 25 37 38 44
3 15 31 38 46
1 7 8 24 42 49
4 17 29 33 40
20 34 38 39 49
12 26 28 34 42 45 48
7 18 21 32 40 42 43
13 24 39 48
1 29 37 49
3 15 33 39
16 20 30
9 22 44 48
11 12 13 23 24 30 33
21 34
2 4 5 14 15 22 23 46 49
5 7 10 32 33 34 42 44 48
36 38 39 43 48 49
22 26
5 8 13 14 23 24 26 28 30
22 24 36
1 12
2 8 21 29 31 36 44
2 41 44
2 5 16 33 47
1 2 10 15 31 32 47 49
7 9 28 41
22 33 36
14 17 33 38 39 47
3 14 19 26 28 48
0 10 37 41 43 47
8 12 28 44 49
2 19 26 37
2 4 8 21 43
5 17 19 24 27 29 47
1 5 19 22 29 48
0 4 7 15 25 28 46
7 16 30 36
11 18 35 47
1 2 9 10 16 20 39 45
5 11 18 29 32 38 47
13 15 18 22 24 44 48
10 17 32 35
5 24 26 27 33 40 44
9 13 29 46
12 13 16 32 43 46
9 14 32 33
7 22 40 43
21 23 28 38 39
15 18 22 28 38 40 45 46
25 37
4 7 12 35
5 10 17 21 25 40 45
5 14 37 42 49
8 12 13 15 19 43 47
0 2 4 9 28 33 45
1
20 21 22 27 34 36 48
8 18 22 23 27 33 35 38
1 6 7 12 17 30 33 40 46 48
15 19 28 31 35 41
35 37 41 49
7 15 17 21 22 31 49
28 47 49
5 10 17 26 30 31 36 45 49
10 13 20 21 26 27 35 37 39 48
0 1 4 8 15 16 19 20 49
4 5 7 23 44
30
7 15 17 20
5 23 29 38
8 10 13 15 18
3 8 10 19 23 41 47
11 19 22 36 44
1 3 6 15 32 48
2 31 38 41
9 20 27 28 46
1 22 44
7 11 12 15 36 38 41 43
3 6 26 28 32 41
4 10 28 32 36
2 13 20 24 36 38 49
18 19 20 21 27 37 47
6 7 20 22 29 33 37 40 45 49
26 29 31 36
4 12 13
0 14 21 22 23 30 32
0 19 21
29 36 40 41
2 7 8 9 35 40 42
17 18 26 37 39
26 38 46 49
13 44
4 10 18 21 23 37 47
11 43 49
4 38 42 44
0 4 9 24 26
15 34 37 42
24 26 36
5 19 49
6 12 21 43
1 6 10 15 35 45
8 14 26 30 39 46 49
3 5 9 11 25 37 49
11 12 14 24 43
5 24 30
7 36 41 48
12 22 30 39
2 9 12 21 29 30 32 43
9 27 30 45 49
4 9 17 23 25 29 34 48
15 33 42 43 45
1 3 14 27 33
8 12 31 32 35 45 48
7 19 21 47
11 15 19 21 35 40 42
4 5 15 16 23 30 44 49
0 5 11 13 15 20 22 40
6 15
8 21 30 33 36
23 31 48
0 10 22 42
2 15 27 48
0 30 40
1 28 44
0 14 18 20 47
2 25 26 30
20 27 30 42 44
12 26
1 3 12 35 47
16 24 31 39 40 43
16 33 36 42 47 49
1 10 29 31 38 48
8 47 49
0 8 15 24 26 27 29 39 42 48 49
0 21 27 29 41 47
1 6 9 19 38
1 6 19
10 26 36
11 19 24 26 27 36
11 28 40 46 49
25 39 41
23 26 28 35 37
8 15 31 36 41 42 43 45
6 8 10 16
16 30 31 36
10 32 36 47
4 14 33 37
7 8 13 17 18 29 35
9 12 15 27 29
24 25 44
30 45
2 14 23 25 47
5 8 25 37 39 45 49
1 7 10 16 21 22 31 33 39 45
8 11 37 42
0 1 4 19 20 42 48
8 16 32 45 48
3 20 25 37 44 45
2 7 21 22 23 37 38 42 47
4 8 13 21 23 40 46
13 15 19 37 44
25 28 47
15 21 40
15 17 24 37 48
2 36 38 39 48
18 21 25 40 45
24 32 39
0 6 20 41 45
34 45 47
4 23 27 30 41 46
4 5 16 19 22 27 37 48
9 16 18 25 31 40 41
18 26 30 49
0 2 4 5 15 45
10 12 28 46
12 33
0 7 16 23 49
16 28 31 37
4 20 29 30 32
6 12 16 17 20 27 37 49
14 23 32 34 41 46
10 15 17 26 41
1 4 12 29 35
11 34 36 40 46