0.0016
13  r  8 0  conf  0.1527
8  r  13 0  conf  0.159
13  r  8  conf  0.2066
8  r  13  conf  0.2126
10  r  35 5  conf  0.1238
13  r  3 0  conf  0.1494
3  r  13 0  conf  0.159
13  r  3  conf  0.2042
3  r  13  conf  0.2126
8  r  3 0  conf  0.1494
3  r  8 0  conf  0.1527
13  r  3 8 0  conf  0.1456
8  r  3 13 0  conf  0.1369
3  r  8 13 0  conf  0.1381
13  r  3 8  conf  0.1961
8  r  3 13  conf  0.1776
3  r  8 13  conf  0.1779
8  r  3  conf  0.2042
3  r  8  conf  0.2066
13  r  28 0  conf  0.153
28  r  13 0  conf  0.159
13  r  28  conf  0.2011
28  r  13  conf  0.2126
8  r  28 0  conf  0.153
28  r  8 0  conf  0.1527
13  r  28 8 0  conf  0.1417
8  r  28 13 0  conf  0.1374
28  r  8 13 0  conf  0.1381
13  r  28 8  conf  0.1858
8  r  28 13  conf  0.1757
28  r  8 13  conf  0.1779
8  r  28  conf  0.2011
28  r  8  conf  0.2066
3  r  28 0  conf  0.153
28  r  3 0  conf  0.1494
13  r  28 3 0  conf  0.1405
3  r  28 13 0  conf  0.1374
28  r  3 13 0  conf  0.1369
13  r  28 3  conf  0.1855
3  r  28 13  conf  0.1757
28  r  3 13  conf  0.1776
8  r  28 3 0  conf  0.1405
3  r  28 8 0  conf  0.1417
28  r  3 8 0  conf  0.1456
13  r  28 3 8 0  conf  0.1393
8  r  28 3 13 0  conf  0.1317
3  r  28 8 13 0  conf  0.1324
28  r  3 8 13 0  conf  0.1343
13  r  28 3 8  conf  0.1831
8  r  28 3 13  conf  0.1695
3  r  28 8 13  conf  0.1697
28  r  3 8 13  conf  0.1736
8  r  28 3  conf  0.1855
3  r  28 8  conf  0.1858
28  r  3 8  conf  0.1961
3  r  28  conf  0.2011
28  r  3  conf  0.2042
0  r  38 13  conf  0.1475
13  r  38 0  conf  0.1551
0  r  38 8  conf  0.1446
38  r  8 0  conf  0.1527
0  r  38 8 13  conf  0.1348
13  r  38 8 0  conf  0.1226
8  r  38 13 0  conf  0.1264
38  r  8 13 0  conf  0.1381
13  r  38 8  conf  0.1446
8  r  38 13  conf  0.1475
0  r  38 3  conf  0.1436
38  r  3 0  conf  0.1494
0  r  38 3 13  conf  0.1348
13  r  38 3 0  conf  0.1219
3  r  38 13 0  conf  0.1264
38  r  3 13 0  conf  0.1369
13  r  38 3  conf  0.1436
3  r  38 13  conf  0.1475
0  r  38 3 8  conf  0.1403
8  r  38 3 0  conf  0.1219
3  r  38 8 0  conf  0.1226
38  r  3 8 0  conf  0.1456
0  r  38 3 8 13  conf  0.1322
38  r  3 8 13 0  conf  0.1343
13  r  38 3 8  conf  0.1403
8  r  38 3 13  conf  0.1348
3  r  38 8 13  conf  0.1348
8  r  38 3  conf  0.1436
3  r  38 8  conf  0.1446
0  r  38 28  conf  0.1408
0  r  38 28 13  conf  0.1326
13  r  38 28 0  conf  0.1211
28  r  38 13 0  conf  0.1264
38  r  28 13 0  conf  0.1374
13  r  38 28  conf  0.1408
28  r  38 13  conf  0.1475
0  r  38 28 8  conf  0.1355
8  r  38 28 0  conf  0.1211
28  r  38 8 0  conf  0.1226
38  r  28 8 0  conf  0.1417
0  r  38 28 8 13  conf  0.1293
38  r  28 8 13 0  conf  0.1324
13  r  38 28 8  conf  0.1355
8  r  38 28 13  conf  0.1326
28  r  38 8 13  conf  0.1348
8  r  38 28  conf  0.1408
28  r  38 8  conf  0.1446
0  r  38 28 3  conf  0.136
3  r  38 28 0  conf  0.1211
28  r  38 3 0  conf  0.1219
38  r  28 3 0  conf  0.1405
0  r  38 28 3 13  conf  0.1298
38  r  28 3 13 0  conf  0.1317
13  r  38 28 3  conf  0.136
3  r  38 28 13  conf  0.1326
28  r  38 3 13  conf  0.1348
0  r  38 28 3 8  conf  0.1345
38  r  28 3 8 0  conf  0.1393
0  r  38 28 3 8 13  conf  0.1286
38  r  28 3 8 13 0  conf  0.1307
13  r  38 28 3 8  conf  0.1345
8  r  38 28 3 13  conf  0.1298
3  r  38 28 8 13  conf  0.1293
28  r  38 3 8 13  conf  0.1322
8  r  38 28 3  conf  0.136
3  r  38 28 8  conf  0.1355
28  r  38 3 8  conf  0.1403
3  r  38 28  conf  0.1408
28  r  38 3  conf  0.1436
13  r  23 0  conf  0.1458
23  r  13 0  conf  0.159
13  r  23  conf  0.2006
23  r  13  conf  0.2126
8  r  23 0  conf  0.1458
23  r  8 0  conf  0.1527
13  r  23 8 0  conf  0.1357
8  r  23 13 0  conf  0.1317
23  r  8 13 0  conf  0.1381
13  r  23 8  conf  0.1831
8  r  23 13  conf  0.1721
23  r  8 13  conf  0.1779
8  r  23  conf  0.2006
23  r  8  conf  0.2066
3  r  23 0  conf  0.1458
23  r  3 0  conf  0.1494
13  r  23 3 0  conf  0.135
3  r  23 13 0  conf  0.1317
23  r  3 13 0  conf  0.1369
13  r  23 3  conf  0.1834
3  r  23 13  conf  0.1721
23  r  3 13  conf  0.1776
8  r  23 3 0  conf  0.135
3  r  23 8 0  conf  0.1357
23  r  3 8 0  conf  0.1456
13  r  23 3 8 0  conf  0.1333
8  r  23 3 13 0  conf  0.1271
3  r  23 8 13 0  conf  0.1278
23  r  3 8 13 0  conf  0.1343
13  r  23 3 8  conf  0.1798
8  r  23 3 13  conf  0.1659
3  r  23 8 13  conf  0.1661
23  r  3 8 13  conf  0.1736
8  r  23 3  conf  0.1834
3  r  23 8  conf  0.1831
23  r  3 8  conf  0.1961
3  r  23  conf  0.2006
23  r  3  conf  0.2042
28  r  23 0  conf  0.1458
23  r  28 0  conf  0.153
13  r  23 28 0  conf  0.1377
28  r  23 13 0  conf  0.1317
23  r  28 13 0  conf  0.1374
13  r  23 28  conf  0.1824
28  r  23 13  conf  0.1721
23  r  28 13  conf  0.1757
8  r  23 28 0  conf  0.1377
28  r  23 8 0  conf  0.1357
23  r  28 8 0  conf  0.1417
13  r  23 28 8 0  conf  0.1324
8  r  23 28 13 0  conf  0.1283
28  r  23 8 13 0  conf  0.1278
23  r  28 8 13 0  conf  0.1324
13  r  23 28 8  conf  0.1755
8  r  23 28 13  conf  0.1659
28  r  23 8 13  conf  0.1661
23  r  28 8 13  conf  0.1697
8  r  23 28  conf  0.1824
28  r  23 8  conf  0.1831
23  r  28 8  conf  0.1858
3  r  23 28 0  conf  0.1377
28  r  23 3 0  conf  0.135
23  r  28 3 0  conf  0.1405
13  r  23 28 3 0  conf  0.1322
3  r  23 28 13 0  conf  0.1283
28  r  23 3 13 0  conf  0.1271
23  r  28 3 13 0  conf  0.1317
13  r  23 28 3  conf  0.176
3  r  23 28 13  conf  0.1659
28  r  23 3 13  conf  0.1659
23  r  28 3 13  conf  0.1695
8  r  23 28 3 0  conf  0.1322
3  r  23 28 8 0  conf  0.1324
28  r  23 3 8 0  conf  0.1333
23  r  28 3 8 0  conf  0.1393
13  r  23 28 3 8 0  conf  0.1314
8  r  23 28 3 13 0  conf  0.1254
3  r  23 28 8 13 0  conf  0.1259
28  r  23 3 8 13 0  conf  0.1262
23  r  28 3 8 13 0  conf  0.1307
13  r  23 28 3 8  conf  0.1745
8  r  23 28 3 13  conf  0.1628
3  r  23 28 8 13  conf  0.1628
28  r  23 3 8 13  conf  0.1642
23  r  28 3 8 13  conf  0.1678
8  r  23 28 3  conf  0.176
3  r  23 28 8  conf  0.1755
28  r  23 3 8  conf  0.1798
23  r  28 3 8  conf  0.1831
3  r  23 28  conf  0.1824
28  r  23 3  conf  0.1834
23  r  28 3  conf  0.1855
28  r  23  conf  0.2006
23  r  28  conf  0.2011
0  r  23 38  conf  0.135
0  r  23 38 13  conf  0.1281
38  r  23 13 0  conf  0.1317
23  r  38 13 0  conf  0.1264
13  r  23 38  conf  0.135
23  r  38 13  conf  0.1475
0  r  23 38 8  conf  0.1307
38  r  23 8 0  conf  0.1357
23  r  38 8 0  conf  0.1226
0  r  23 38 8 13  conf  0.1262
38  r  23 8 13 0  conf  0.1278
13  r  23 38 8  conf  0.1307
8  r  23 38 13  conf  0.1281
23  r  38 8 13  conf  0.1348
8  r  23 38  conf  0.135
23  r  38 8  conf  0.1446
0  r  23 38 3  conf  0.1307
38  r  23 3 0  conf  0.135
23  r  38 3 0  conf  0.1219
0  r  23 38 3 13  conf  0.1259
38  r  23 3 13 0  conf  0.1271
13  r  23 38 3  conf  0.1307
3  r  23 38 13  conf  0.1281
23  r  38 3 13  conf  0.1348
0  r  23 38 3 8  conf  0.1295
38  r  23 3 8 0  conf  0.1333
0  r  23 38 3 8 13  conf  0.1252
38  r  23 3 8 13 0  conf  0.1262
13  r  23 38 3 8  conf  0.1295
8  r  23 38 3 13  conf  0.1259
3  r  23 38 8 13  conf  0.1262
23  r  38 3 8 13  conf  0.1322
8  r  23 38 3  conf  0.1307
3  r  23 38 8  conf  0.1307
23  r  38 3 8  conf  0.1403
3  r  23 38  conf  0.135
23  r  38 3  conf  0.1436
0  r  23 38 28  conf  0.1302
38  r  23 28 0  conf  0.1377
23  r  38 28 0  conf  0.1211
0  r  23 38 28 13  conf  0.1257
38  r  23 28 13 0  conf  0.1283
13  r  23 38 28  conf  0.1302
28  r  23 38 13  conf  0.1281
23  r  38 28 13  conf  0.1326
0  r  23 38 28 8  conf  0.1281
38  r  23 28 8 0  conf  0.1324
0  r  23 38 28 8 13  conf  0.1243
38  r  23 28 8 13 0  conf  0.1259
13  r  23 38 28 8  conf  0.1281
8  r  23 38 28 13  conf  0.1257
28  r  23 38 8 13  conf  0.1262
23  r  38 28 8 13  conf  0.1293
8  r  23 38 28  conf  0.1302
28  r  23 38 8  conf  0.1307
23  r  38 28 8  conf  0.1355
0  r  23 38 28 3  conf  0.1286
38  r  23 28 3 0  conf  0.1322
0  r  23 38 28 3 13  conf  0.1245
38  r  23 28 3 13 0  conf  0.1254
13  r  23 38 28 3  conf  0.1286
3  r  23 38 28 13  conf  0.1257
28  r  23 38 3 13  conf  0.1259
23  r  38 28 3 13  conf  0.1298
0  r  23 38 28 3 8  conf  0.1278
38  r  23 28 3 8 0  conf  0.1314
0  r  23 38 28 3 8 13  conf  0.124
38  r  23 28 3 8 13 0  conf  0.125
13  r  23 38 28 3 8  conf  0.1278
8  r  23 38 28 3 13  conf  0.1245
3  r  23 38 28 8 13  conf  0.1243
28  r  23 38 3 8 13  conf  0.1252
23  r  38 28 3 8 13  conf  0.1286
8  r  23 38 28 3  conf  0.1286
3  r  23 38 28 8  conf  0.1281
28  r  23 38 3 8  conf  0.1295
23  r  38 28 3 8  conf  0.1345
3  r  23 38 28  conf  0.1302
28  r  23 38 3  conf  0.1307
23  r  38 28 3  conf  0.136
28  r  23 38  conf  0.135
23  r  38 28  conf  0.1408
13  r  18 0  conf  0.152
18  r  13 0  conf  0.159
13  r  18  conf  0.2004
18  r  13  conf  0.2126
8  r  18 0  conf  0.152
18  r  8 0  conf  0.1527
13  r  18 8 0  conf  0.1439
8  r  18 13 0  conf  0.1396
18  r  8 13 0  conf  0.1381
13  r  18 8  conf  0.1903
8  r  18 13  conf  0.1793
18  r  8 13  conf  0.1779
8  r  18  conf  0.2004
18  r  8  conf  0.2066
3  r  18 0  conf  0.152
18  r  3 0  conf  0.1494
13  r  18 3 0  conf  0.1434
3  r  18 13 0  conf  0.1396
18  r  3 13 0  conf  0.1369
13  r  18 3  conf  0.1903
3  r  18 13  conf  0.1793
18  r  3 13  conf  0.1776
8  r  18 3 0  conf  0.1434
3  r  18 8 0  conf  0.1439
18  r  3 8 0  conf  0.1456
13  r  18 3 8 0  conf  0.141
8  r  18 3 13 0  conf  0.1336
3  r  18 8 13 0  conf  0.1343
18  r  3 8 13 0  conf  0.1343
13  r  18 3 8  conf  0.1875
8  r  18 3 13  conf  0.1726
3  r  18 8 13  conf  0.1729
18  r  3 8 13  conf  0.1736
8  r  18 3  conf  0.1903
3  r  18 8  conf  0.1903
18  r  3 8  conf  0.1961
3  r  18  conf  0.2004
18  r  3  conf  0.2042
28  r  18 0  conf  0.152
18  r  28 0  conf  0.153
13  r  18 28 0  conf  0.1427
28  r  18 13 0  conf  0.1396
18  r  28 13 0  conf  0.1374
13  r  18 28  conf  0.1867
28  r  18 13  conf  0.1793
18  r  28 13  conf  0.1757
8  r  18 28 0  conf  0.1427
28  r  18 8 0  conf  0.1439
18  r  28 8 0  conf  0.1417
13  r  18 28 8 0  conf  0.1389
8  r  18 28 13 0  conf  0.1331
28  r  18 8 13 0  conf  0.1343
18  r  28 8 13 0  conf  0.1324
13  r  18 28 8  conf  0.1822
8  r  18 28 13  conf  0.1705
28  r  18 8 13  conf  0.1729
18  r  28 8 13  conf  0.1697
8  r  18 28  conf  0.1867
28  r  18 8  conf  0.1903
18  r  28 8  conf  0.1858
3  r  18 28 0  conf  0.1427
28  r  18 3 0  conf  0.1434
18  r  28 3 0  conf  0.1405
13  r  18 28 3 0  conf  0.1386
3  r  18 28 13 0  conf  0.1331
28  r  18 3 13 0  conf  0.1336
18  r  28 3 13 0  conf  0.1317
13  r  18 28 3  conf  0.1822
3  r  18 28 13  conf  0.1705
28  r  18 3 13  conf  0.1726
18  r  28 3 13  conf  0.1695
8  r  18 28 3 0  conf  0.1386
3  r  18 28 8 0  conf  0.1389
28  r  18 3 8 0  conf  0.141
18  r  28 3 8 0  conf  0.1393
13  r  18 28 3 8 0  conf  0.1377
8  r  18 28 3 13 0  conf  0.13
3  r  18 28 8 13 0  conf  0.1305
28  r  18 3 8 13 0  conf  0.1319
18  r  28 3 8 13 0  conf  0.1307
13  r  18 28 3 8  conf  0.181
8  r  18 28 3 13  conf  0.1673
3  r  18 28 8 13  conf  0.1676
28  r  18 3 8 13  conf  0.1705
18  r  28 3 8 13  conf  0.1678
8  r  18 28 3  conf  0.1822
3  r  18 28 8  conf  0.1822
28  r  18 3 8  conf  0.1875
18  r  28 3 8  conf  0.1831
3  r  18 28  conf  0.1867
28  r  18 3  conf  0.1903
18  r  28 3  conf  0.1855
28  r  18  conf  0.2004
18  r  28  conf  0.2011
0  r  18 38  conf  0.1427
38  r  18 0  conf  0.152
0  r  18 38 13  conf  0.1348
13  r  18 38 0  conf  0.1228
38  r  18 13 0  conf  0.1396
18  r  38 13 0  conf  0.1264
13  r  18 38  conf  0.1427
18  r  38 13  conf  0.1475
0  r  18 38 8  conf  0.1377
8  r  18 38 0  conf  0.1228
38  r  18 8 0  conf  0.1439
18  r  38 8 0  conf  0.1226
0  r  18 38 8 13  conf  0.1312
38  r  18 8 13 0  conf  0.1343
13  r  18 38 8  conf  0.1377
8  r  18 38 13  conf  0.1348
18  r  38 8 13  conf  0.1348
8  r  18 38  conf  0.1427
18  r  38 8  conf  0.1446
0  r  18 38 3  conf  0.1377
3  r  18 38 0  conf  0.1228
38  r  18 3 0  conf  0.1434
18  r  38 3 0  conf  0.1219
0  r  18 38 3 13  conf  0.131
38  r  18 3 13 0  conf  0.1336
13  r  18 38 3  conf  0.1377
3  r  18 38 13  conf  0.1348
18  r  38 3 13  conf  0.1348
0  r  18 38 3 8  conf  0.1357
38  r  18 3 8 0  conf  0.141
0  r  18 38 3 8 13  conf  0.1295
38  r  18 3 8 13 0  conf  0.1319
13  r  18 38 3 8  conf  0.1357
8  r  18 38 3 13  conf  0.131
3  r  18 38 8 13  conf  0.1312
18  r  38 3 8 13  conf  0.1322
8  r  18 38 3  conf  0.1377
3  r  18 38 8  conf  0.1377
18  r  38 3 8  conf  0.1403
3  r  18 38  conf  0.1427
18  r  38 3  conf  0.1436
0  r  18 38 28  conf  0.1357
28  r  18 38 0  conf  0.1228
38  r  18 28 0  conf  0.1427
18  r  38 28 0  conf  0.1211
0  r  18 38 28 13  conf  0.1298
38  r  18 28 13 0  conf  0.1331
13  r  18 38 28  conf  0.1357
28  r  18 38 13  conf  0.1348
18  r  38 28 13  conf  0.1326
0  r  18 38 28 8  conf  0.1333
38  r  18 28 8 0  conf  0.1389
0  r  18 38 28 8 13  conf  0.1278
38  r  18 28 8 13 0  conf  0.1305
13  r  18 38 28 8  conf  0.1333
8  r  18 38 28 13  conf  0.1298
28  r  18 38 8 13  conf  0.1312
18  r  38 28 8 13  conf  0.1293
8  r  18 38 28  conf  0.1357
28  r  18 38 8  conf  0.1377
18  r  38 28 8  conf  0.1355
0  r  18 38 28 3  conf  0.1338
38  r  18 28 3 0  conf  0.1386
0  r  18 38 28 3 13  conf  0.1281
38  r  18 28 3 13 0  conf  0.13
13  r  18 38 28 3  conf  0.1338
3  r  18 38 28 13  conf  0.1298
28  r  18 38 3 13  conf  0.131
18  r  38 28 3 13  conf  0.1298
0  r  18 38 28 3 8  conf  0.1329
38  r  18 28 3 8 0  conf  0.1377
0  r  18 38 28 3 8 13  conf  0.1274
38  r  18 28 3 8 13 0  conf  0.1293
13  r  18 38 28 3 8  conf  0.1329
8  r  18 38 28 3 13  conf  0.1281
3  r  18 38 28 8 13  conf  0.1278
28  r  18 38 3 8 13  conf  0.1295
18  r  38 28 3 8 13  conf  0.1286
8  r  18 38 28 3  conf  0.1338
3  r  18 38 28 8  conf  0.1333
28  r  18 38 3 8  conf  0.1357
18  r  38 28 3 8  conf  0.1345
3  r  18 38 28  conf  0.1357
28  r  18 38 3  conf  0.1377
18  r  38 28 3  conf  0.136
28  r  18 38  conf  0.1427
18  r  38 28  conf  0.1408
23  r  18 0  conf  0.152
18  r  23 0  conf  0.1458
13  r  18 23 0  conf  0.1408
23  r  18 13 0  conf  0.1396
18  r  23 13 0  conf  0.1317
13  r  18 23  conf  0.1882
23  r  18 13  conf  0.1793
18  r  23 13  conf  0.1721
8  r  18 23 0  conf  0.1408
23  r  18 8 0  conf  0.1439
18  r  23 8 0  conf  0.1357
13  r  18 23 8 0  conf  0.135
8  r  18 23 13 0  conf  0.131
23  r  18 8 13 0  conf  0.1343
18  r  23 8 13 0  conf  0.1278
13  r  18 23 8  conf  0.1805
8  r  18 23 13  conf  0.1702
23  r  18 8 13  conf  0.1729
18  r  23 8 13  conf  0.1661
8  r  18 23  conf  0.1882
23  r  18 8  conf  0.1903
18  r  23 8  conf  0.1831
3  r  18 23 0  conf  0.1408
23  r  18 3 0  conf  0.1434
18  r  23 3 0  conf  0.135
13  r  18 23 3 0  conf  0.1345
3  r  18 23 13 0  conf  0.131
23  r  18 3 13 0  conf  0.1336
18  r  23 3 13 0  conf  0.1271
13  r  18 23 3  conf  0.1805
3  r  18 23 13  conf  0.1702
23  r  18 3 13  conf  0.1726
18  r  23 3 13  conf  0.1659
8  r  18 23 3 0  conf  0.1345
3  r  18 23 8 0  conf  0.135
23  r  18 3 8 0  conf  0.141
18  r  23 3 8 0  conf  0.1333
13  r  18 23 3 8 0  conf  0.1331
8  r  18 23 3 13 0  conf  0.1266
3  r  18 23 8 13 0  conf  0.1276
23  r  18 3 8 13 0  conf  0.1319
18  r  23 3 8 13 0  conf  0.1262
13  r  18 23 3 8  conf  0.1786
8  r  18 23 3 13  conf  0.1652
3  r  18 23 8 13  conf  0.1657
23  r  18 3 8 13  conf  0.1705
18  r  23 3 8 13  conf  0.1642
8  r  18 23 3  conf  0.1805
3  r  18 23 8  conf  0.1805
23  r  18 3 8  conf  0.1875
18  r  23 3 8  conf  0.1798
3  r  18 23  conf  0.1882
23  r  18 3  conf  0.1903
18  r  23 3  conf  0.1834
28  r  18 23 0  conf  0.1408
23  r  18 28 0  conf  0.1427
18  r  23 28 0  conf  0.1377
13  r  18 23 28 0  conf  0.1355
28  r  18 23 13 0  conf  0.131
23  r  18 28 13 0  conf  0.1331
18  r  23 28 13 0  conf  0.1283
13  r  18 23 28  conf  0.1793
28  r  18 23 13  conf  0.1702
23  r  18 28 13  conf  0.1705
18  r  23 28 13  conf  0.1659
8  r  18 23 28 0  conf  0.1355
28  r  18 23 8 0  conf  0.135
23  r  18 28 8 0  conf  0.1389
18  r  23 28 8 0  conf  0.1324
13  r  18 23 28 8 0  conf  0.1322
8  r  18 23 28 13 0  conf  0.1278
28  r  18 23 8 13 0  conf  0.1276
23  r  18 28 8 13 0  conf  0.1305
18  r  23 28 8 13 0  conf  0.1259
13  r  18 23 28 8  conf  0.1752
8  r  18 23 28 13  conf  0.165
28  r  18 23 8 13  conf  0.1657
23  r  18 28 8 13  conf  0.1676
18  r  23 28 8 13  conf  0.1628
8  r  18 23 28  conf  0.1793
28  r  18 23 8  conf  0.1805
23  r  18 28 8  conf  0.1822
18  r  23 28 8  conf  0.1755
3  r  18 23 28 0  conf  0.1355
28  r  18 23 3 0  conf  0.1345
23  r  18 28 3 0  conf  0.1386
18  r  23 28 3 0  conf  0.1322
13  r  18 23 28 3 0  conf  0.1319
3  r  18 23 28 13 0  conf  0.1278
28  r  18 23 3 13 0  conf  0.1266
23  r  18 28 3 13 0  conf  0.13
18  r  23 28 3 13 0  conf  0.1254
13  r  18 23 28 3  conf  0.1752
3  r  18 23 28 13  conf  0.165
28  r  18 23 3 13  conf  0.1652
23  r  18 28 3 13  conf  0.1673
18  r  23 28 3 13  conf  0.1628
8  r  18 23 28 3 0  conf  0.1319
3  r  18 23 28 8 0  conf  0.1322
28  r  18 23 3 8 0  conf  0.1331
23  r  18 28 3 8 0  conf  0.1377
18  r  23 28 3 8 0  conf  0.1314
13  r  18 23 28 3 8 0  conf  0.1312
8  r  18 23 28 3 13 0  conf  0.1252
3  r  18 23 28 8 13 0  conf  0.1257
28  r  18 23 3 8 13 0  conf  0.1259
23  r  18 28 3 8 13 0  conf  0.1293
18  r  23 28 3 8 13 0  conf  0.125
13  r  18 23 28 3 8  conf  0.1743
8  r  18 23 28 3 13  conf  0.1623
3  r  18 23 28 8 13  conf  0.1626
28  r  18 23 3 8 13  conf  0.164
23  r  18 28 3 8 13  conf  0.1664
18  r  23 28 3 8 13  conf  0.1618
8  r  18 23 28 3  conf  0.1752
3  r  18 23 28 8  conf  0.1752
28  r  18 23 3 8  conf  0.1786
23  r  18 28 3 8  conf  0.181
18  r  23 28 3 8  conf  0.1745
3  r  18 23 28  conf  0.1793
28  r  18 23 3  conf  0.1805
23  r  18 28 3  conf  0.1822
18  r  23 28 3  conf  0.176
28  r  18 23  conf  0.1882
23  r  18 28  conf  0.1867
18  r  23 28  conf  0.1824
0  r  18 23 38  conf  0.1331
38  r  18 23 0  conf  0.1408
23  r  18 38 0  conf  0.1228
0  r  18 23 38 13  conf  0.1278
38  r  18 23 13 0  conf  0.131
13  r  18 23 38  conf  0.1331
23  r  18 38 13  conf  0.1348
18  r  23 38 13  conf  0.1281
0  r  18 23 38 8  conf  0.1302
38  r  18 23 8 0  conf  0.135
0  r  18 23 38 8 13  conf  0.1259
38  r  18 23 8 13 0  conf  0.1276
13  r  18 23 38 8  conf  0.1302
8  r  18 23 38 13  conf  0.1278
23  r  18 38 8 13  conf  0.1312
18  r  23 38 8 13  conf  0.1262
8  r  18 23 38  conf  0.1331
23  r  18 38 8  conf  0.1377
18  r  23 38 8  conf  0.1307
0  r  18 23 38 3  conf  0.1305
38  r  18 23 3 0  conf  0.1345
0  r  18 23 38 3 13  conf  0.1257
38  r  18 23 3 13 0  conf  0.1266
13  r  18 23 38 3  conf  0.1305
3  r  18 23 38 13  conf  0.1278
23  r  18 38 3 13  conf  0.131
18  r  23 38 3 13  conf  0.1259
0  r  18 23 38 3 8  conf  0.1293
38  r  18 23 3 8 0  conf  0.1331
0  r  18 23 38 3 8 13  conf  0.125
38  r  18 23 3 8 13 0  conf  0.1259
13  r  18 23 38 3 8  conf  0.1293
8  r  18 23 38 3 13  conf  0.1257
3  r  18 23 38 8 13  conf  0.1259
23  r  18 38 3 8 13  conf  0.1295
18  r  23 38 3 8 13  conf  0.1252
8  r  18 23 38 3  conf  0.1305
3  r  18 23 38 8  conf  0.1302
23  r  18 38 3 8  conf  0.1357
18  r  23 38 3 8  conf  0.1295
3  r  18 23 38  conf  0.1331
23  r  18 38 3  conf  0.1377
18  r  23 38 3  conf  0.1307
0  r  18 23 38 28  conf  0.1298
38  r  18 23 28 0  conf  0.1355
0  r  18 23 38 28 13  conf  0.1254
38  r  18 23 28 13 0  conf  0.1278
13  r  18 23 38 28  conf  0.1298
28  r  18 23 38 13  conf  0.1278
23  r  18 38 28 13  conf  0.1298
18  r  23 38 28 13  conf  0.1257
0  r  18 23 38 28 8  conf  0.1278
38  r  18 23 28 8 0  conf  0.1322
0  r  18 23 38 28 8 13  conf  0.124
38  r  18 23 28 8 13 0  conf  0.1257
13  r  18 23 38 28 8  conf  0.1278
8  r  18 23 38 28 13  conf  0.1254
28  r  18 23 38 8 13  conf  0.1259
23  r  18 38 28 8 13  conf  0.1278
18  r  23 38 28 8 13  conf  0.1243
8  r  18 23 38 28  conf  0.1298
28  r  18 23 38 8  conf  0.1302
23  r  18 38 28 8  conf  0.1333
18  r  23 38 28 8  conf  0.1281
0  r  18 23 38 28 3  conf  0.1283
38  r  18 23 28 3 0  conf  0.1319
0  r  18 23 38 28 3 13  conf  0.1243
38  r  18 23 28 3 13 0  conf  0.1252
13  r  18 23 38 28 3  conf  0.1283
3  r  18 23 38 28 13  conf  0.1254
28  r  18 23 38 3 13  conf  0.1257
23  r  18 38 28 3 13  conf  0.1281
18  r  23 38 28 3 13  conf  0.1245
0  r  18 23 38 28 3 8  conf  0.1276
38  r  18 23 28 3 8 0  conf  0.1312
0  r  18 23 38 28 3 8 13  conf  0.1238
38  r  18 23 28 3 8 13 0  conf  0.1247
13  r  18 23 38 28 3 8  conf  0.1276
8  r  18 23 38 28 3 13  conf  0.1243
3  r  18 23 38 28 8 13  conf  0.124
28  r  18 23 38 3 8 13  conf  0.125
23  r  18 38 28 3 8 13  conf  0.1274
18  r  23 38 28 3 8 13  conf  0.124
8  r  18 23 38 28 3  conf  0.1283
3  r  18 23 38 28 8  conf  0.1278
28  r  18 23 38 3 8  conf  0.1293
23  r  18 38 28 3 8  conf  0.1329
18  r  23 38 28 3 8  conf  0.1278
3  r  18 23 38 28  conf  0.1298
28  r  18 23 38 3  conf  0.1305
23  r  18 38 28 3  conf  0.1338
18  r  23 38 28 3  conf  0.1286
28  r  18 23 38  conf  0.1331
23  r  18 38 28  conf  0.1357
18  r  23 38 28  conf  0.1302
23  r  18 38  conf  0.1427
18  r  23 38  conf  0.135
23  r  18  conf  0.2004
18  r  23  conf  0.2006
10  r  20 5  conf  0.1415
5  r  20 10  conf  0.1515
10  r  20 35  conf  0.1386
20  r  35 10  conf  0.1377
20  r  35 5  conf  0.1238
22  r  37  conf  0.2001
37  r  22  conf  0.2001
4  r  34 24  conf  0.1314
22  r  27  conf  0.2001
27  r  22  conf  0.2001
22  r  27 37  conf  0.1398
37  r  27 22  conf  0.1697
27  r  37 22  conf  0.1642
4  r  29 24  conf  0.1412
24  r  29 4  conf  0.1468
4  r  29 34  conf  0.1434
34  r  29 4  conf  0.1468
29  r  34 4  conf  0.1484
29  r  34 24  conf  0.1314
13  r  33 0  conf  0.1544
33  r  13 0  conf  0.159
13  r  33  conf  0.2001
33  r  13  conf  0.2126
8  r  33 0  conf  0.1544
33  r  8 0  conf  0.1527
13  r  33 8 0  conf  0.1448
8  r  33 13 0  conf  0.1396
33  r  8 13 0  conf  0.1381
13  r  33 8  conf  0.1896
8  r  33 13  conf  0.1769
33  r  8 13  conf  0.1779
8  r  33  conf  0.2001
33  r  8  conf  0.2066
3  r  33 0  conf  0.1544
33  r  3 0  conf  0.1494
13  r  33 3 0  conf  0.1432
3  r  33 13 0  conf  0.1396
33  r  3 13 0  conf  0.1369
13  r  33 3  conf  0.1877
3  r  33 13  conf  0.1769
33  r  3 13  conf  0.1776
8  r  33 3 0  conf  0.1432
3  r  33 8 0  conf  0.1448
33  r  3 8 0  conf  0.1456
13  r  33 3 8 0  conf  0.1408
8  r  33 3 13 0  conf  0.1326
3  r  33 8 13 0  conf  0.1336
33  r  3 8 13 0  conf  0.1343
13  r  33 3 8  conf  0.1853
8  r  33 3 13  conf  0.17
3  r  33 8 13  conf  0.1709
33  r  3 8 13  conf  0.1736
8  r  33 3  conf  0.1877
3  r  33 8  conf  0.1896
33  r  3 8  conf  0.1961
3  r  33  conf  0.2001
33  r  3  conf  0.2042
28  r  33 0  conf  0.1544
33  r  28 0  conf  0.153
13  r  33 28 0  conf  0.1401
28  r  33 13 0  conf  0.1396
33  r  28 13 0  conf  0.1374
13  r  33 28  conf  0.1812
28  r  33 13  conf  0.1769
33  r  28 13  conf  0.1757
8  r  33 28 0  conf  0.1401
28  r  33 8 0  conf  0.1448
33  r  28 8 0  conf  0.1417
13  r  33 28 8 0  conf  0.1374
8  r  33 28 13 0  conf  0.1314
28  r  33 8 13 0  conf  0.1336
33  r  28 8 13 0  conf  0.1324
13  r  33 28 8  conf  0.1786
8  r  33 28 13  conf  0.1676
28  r  33 8 13  conf  0.1709
33  r  28 8 13  conf  0.1697
8  r  33 28  conf  0.1812
28  r  33 8  conf  0.1896
33  r  28 8  conf  0.1858
3  r  33 28 0  conf  0.1401
28  r  33 3 0  conf  0.1432
33  r  28 3 0  conf  0.1405
13  r  33 28 3 0  conf  0.1369
3  r  33 28 13 0  conf  0.1314
28  r  33 3 13 0  conf  0.1326
33  r  28 3 13 0  conf  0.1317
13  r  33 28 3  conf  0.1781
3  r  33 28 13  conf  0.1676
28  r  33 3 13  conf  0.17
33  r  28 3 13  conf  0.1695
8  r  33 28 3 0  conf  0.1369
3  r  33 28 8 0  conf  0.1374
28  r  33 3 8 0  conf  0.1408
33  r  28 3 8 0  conf  0.1393
13  r  33 28 3 8 0  conf  0.1362
8  r  33 28 3 13 0  conf  0.1288
3  r  33 28 8 13 0  conf  0.1293
28  r  33 3 8 13 0  conf  0.1305
33  r  28 3 8 13 0  conf  0.1307
13  r  33 28 3 8  conf  0.1774
8  r  33 28 3 13  conf  0.165
3  r  33 28 8 13  conf  0.1654
28  r  33 3 8 13  conf  0.1678
33  r  28 3 8 13  conf  0.1678
8  r  33 28 3  conf  0.1781
3  r  33 28 8  conf  0.1786
28  r  33 3 8  conf  0.1853
33  r  28 3 8  conf  0.1831
3  r  33 28  conf  0.1812
28  r  33 3  conf  0.1877
33  r  28 3  conf  0.1855
28  r  33  conf  0.2001
33  r  28  conf  0.2011
0  r  33 38  conf  0.1463
38  r  33 0  conf  0.1544
33  r  38 0  conf  0.1551
0  r  33 38 13  conf  0.1362
13  r  33 38 0  conf  0.1262
38  r  33 13 0  conf  0.1396
33  r  38 13 0  conf  0.1264
13  r  33 38  conf  0.1463
33  r  38 13  conf  0.1475
0  r  33 38 8  conf  0.1391
8  r  33 38 0  conf  0.1262
38  r  33 8 0  conf  0.1448
33  r  38 8 0  conf  0.1226
0  r  33 38 8 13  conf  0.1317
38  r  33 8 13 0  conf  0.1336
13  r  33 38 8  conf  0.1391
8  r  33 38 13  conf  0.1362
33  r  38 8 13  conf  0.1348
8  r  33 38  conf  0.1463
33  r  38 8  conf  0.1446
0  r  33 38 3  conf  0.1381
3  r  33 38 0  conf  0.1262
38  r  33 3 0  conf  0.1432
33  r  38 3 0  conf  0.1219
0  r  33 38 3 13  conf  0.131
38  r  33 3 13 0  conf  0.1326
13  r  33 38 3  conf  0.1381
3  r  33 38 13  conf  0.1362
33  r  38 3 13  conf  0.1348
0  r  33 38 3 8  conf  0.1362
38  r  33 3 8 0  conf  0.1408
0  r  33 38 3 8 13  conf  0.1293
38  r  33 3 8 13 0  conf  0.1305
13  r  33 38 3 8  conf  0.1362
8  r  33 38 3 13  conf  0.131
3  r  33 38 8 13  conf  0.1317
33  r  38 3 8 13  conf  0.1322
8  r  33 38 3  conf  0.1381
3  r  33 38 8  conf  0.1391
33  r  38 3 8  conf  0.1403
3  r  33 38  conf  0.1463
33  r  38 3  conf  0.1436
0  r  33 38 28  conf  0.1353
28  r  33 38 0  conf  0.1262
38  r  33 28 0  conf  0.1401
33  r  38 28 0  conf  0.1211
0  r  33 38 28 13  conf  0.1293
38  r  33 28 13 0  conf  0.1314
13  r  33 38 28  conf  0.1353
28  r  33 38 13  conf  0.1362
33  r  38 28 13  conf  0.1326
0  r  33 38 28 8  conf  0.1333
38  r  33 28 8 0  conf  0.1374
0  r  33 38 28 8 13  conf  0.1276
38  r  33 28 8 13 0  conf  0.1293
13  r  33 38 28 8  conf  0.1333
8  r  33 38 28 13  conf  0.1293
28  r  33 38 8 13  conf  0.1317
33  r  38 28 8 13  conf  0.1293
8  r  33 38 28  conf  0.1353
28  r  33 38 8  conf  0.1391
33  r  38 28 8  conf  0.1355
0  r  33 38 28 3  conf  0.1333
38  r  33 28 3 0  conf  0.1369
0  r  33 38 28 3 13  conf  0.1276
38  r  33 28 3 13 0  conf  0.1288
13  r  33 38 28 3  conf  0.1333
3  r  33 38 28 13  conf  0.1293
28  r  33 38 3 13  conf  0.131
33  r  38 28 3 13  conf  0.1298
0  r  33 38 28 3 8  conf  0.1326
38  r  33 28 3 8 0  conf  0.1362
0  r  33 38 28 3 8 13  conf  0.1269
38  r  33 28 3 8 13 0  conf  0.1281
13  r  33 38 28 3 8  conf  0.1326
8  r  33 38 28 3 13  conf  0.1276
3  r  33 38 28 8 13  conf  0.1276
28  r  33 38 3 8 13  conf  0.1293
33  r  38 28 3 8 13  conf  0.1286
8  r  33 38 28 3  conf  0.1333
3  r  33 38 28 8  conf  0.1333
28  r  33 38 3 8  conf  0.1362
33  r  38 28 3 8  conf  0.1345
3  r  33 38 28  conf  0.1353
28  r  33 38 3  conf  0.1381
33  r  38 28 3  conf  0.136
28  r  33 38  conf  0.1463
33  r  38 28  conf  0.1408
23  r  33 0  conf  0.1544
33  r  23 0  conf  0.1458
13  r  33 23 0  conf  0.1341
23  r  33 13 0  conf  0.1396
33  r  23 13 0  conf  0.1317
13  r  33 23  conf  0.1772
23  r  33 13  conf  0.1769
33  r  23 13  conf  0.1721
8  r  33 23 0  conf  0.1341
23  r  33 8 0  conf  0.1448
33  r  23 8 0  conf  0.1357
13  r  33 23 8 0  conf  0.1319
8  r  33 23 13 0  conf  0.1264
23  r  33 8 13 0  conf  0.1336
33  r  23 8 13 0  conf  0.1278
13  r  33 23 8  conf  0.1748
8  r  33 23 13  conf  0.1635
23  r  33 8 13  conf  0.1709
33  r  23 8 13  conf  0.1661
8  r  33 23  conf  0.1772
23  r  33 8  conf  0.1896
33  r  23 8  conf  0.1831
3  r  33 23 0  conf  0.1341
23  r  33 3 0  conf  0.1432
33  r  23 3 0  conf  0.135
13  r  33 23 3 0  conf  0.1312
3  r  33 23 13 0  conf  0.1264
23  r  33 3 13 0  conf  0.1326
33  r  23 3 13 0  conf  0.1271
13  r  33 23 3  conf  0.174
3  r  33 23 13  conf  0.1635
23  r  33 3 13  conf  0.17
33  r  23 3 13  conf  0.1659
8  r  33 23 3 0  conf  0.1312
3  r  33 23 8 0  conf  0.1319
23  r  33 3 8 0  conf  0.1408
33  r  23 3 8 0  conf  0.1333
13  r  33 23 3 8 0  conf  0.1305
8  r  33 23 3 13 0  conf  0.1243
3  r  33 23 8 13 0  conf  0.1252
23  r  33 3 8 13 0  conf  0.1305
33  r  23 3 8 13 0  conf  0.1262
13  r  33 23 3 8  conf  0.1733
8  r  33 23 3 13  conf  0.1614
3  r  33 23 8 13  conf  0.1623
23  r  33 3 8 13  conf  0.1678
33  r  23 3 8 13  conf  0.1642
8  r  33 23 3  conf  0.174
3  r  33 23 8  conf  0.1748
23  r  33 3 8  conf  0.1853
33  r  23 3 8  conf  0.1798
3  r  33 23  conf  0.1772
23  r  33 3  conf  0.1877
33  r  23 3  conf  0.1834
28  r  33 23 0  conf  0.1341
23  r  33 28 0  conf  0.1401
33  r  23 28 0  conf  0.1377
13  r  33 23 28 0  conf  0.1305
28  r  33 23 13 0  conf  0.1264
23  r  33 28 13 0  conf  0.1314
33  r  23 28 13 0  conf  0.1283
13  r  33 23 28  conf  0.1712
28  r  33 23 13  conf  0.1635
23  r  33 28 13  conf  0.1676
33  r  23 28 13  conf  0.1659
8  r  33 23 28 0  conf  0.1305
28  r  33 23 8 0  conf  0.1319
23  r  33 28 8 0  conf  0.1374
33  r  23 28 8 0  conf  0.1324
13  r  33 23 28 8 0  conf  0.1295
8  r  33 23 28 13 0  conf  0.1243
28  r  33 23 8 13 0  conf  0.1252
23  r  33 28 8 13 0  conf  0.1293
33  r  23 28 8 13 0  conf  0.1259
13  r  33 23 28 8  conf  0.1702
8  r  33 23 28 13  conf  0.1604
28  r  33 23 8 13  conf  0.1623
23  r  33 28 8 13  conf  0.1654
33  r  23 28 8 13  conf  0.1628
8  r  33 23 28  conf  0.1712
28  r  33 23 8  conf  0.1748
23  r  33 28 8  conf  0.1786
33  r  23 28 8  conf  0.1755
3  r  33 23 28 0  conf  0.1305
28  r  33 23 3 0  conf  0.1312
23  r  33 28 3 0  conf  0.1369
33  r  23 28 3 0  conf  0.1322
13  r  33 23 28 3 0  conf  0.129
3  r  33 23 28 13 0  conf  0.1243
28  r  33 23 3 13 0  conf  0.1243
23  r  33 28 3 13 0  conf  0.1288
33  r  23 28 3 13 0  conf  0.1254
13  r  33 23 28 3  conf  0.1697
3  r  33 23 28 13  conf  0.1604
28  r  33 23 3 13  conf  0.1614
23  r  33 28 3 13  conf  0.165
33  r  23 28 3 13  conf  0.1628
8  r  33 23 28 3 0  conf  0.129
3  r  33 23 28 8 0  conf  0.1295
28  r  33 23 3 8 0  conf  0.1305
23  r  33 28 3 8 0  conf  0.1362
33  r  23 28 3 8 0  conf  0.1314
13  r  33 23 28 3 8 0  conf  0.1288
8  r  33 23 28 3 13 0  conf  0.1231
3  r  33 23 28 8 13 0  conf  0.1235
28  r  33 23 3 8 13 0  conf  0.1238
23  r  33 28 3 8 13 0  conf  0.1281
33  r  23 28 3 8 13 0  conf  0.125
13  r  33 23 28 3 8  conf  0.1695
8  r  33 23 28 3 13  conf  0.1592
3  r  33 23 28 8 13  conf  0.1597
28  r  33 23 3 8 13  conf  0.1609
23  r  33 28 3 8 13  conf  0.1642
33  r  23 28 3 8 13  conf  0.1618
8  r  33 23 28 3  conf  0.1697
3  r  33 23 28 8  conf  0.1702
28  r  33 23 3 8  conf  0.1733
23  r  33 28 3 8  conf  0.1774
33  r  23 28 3 8  conf  0.1745
3  r  33 23 28  conf  0.1712
28  r  33 23 3  conf  0.174
23  r  33 28 3  conf  0.1781
33  r  23 28 3  conf  0.176
28  r  33 23  conf  0.1772
23  r  33 28  conf  0.1812
33  r  23 28  conf  0.1824
0  r  33 23 38  conf  0.1298
38  r  33 23 0  conf  0.1341
23  r  33 38 0  conf  0.1262
0  r  33 23 38 13  conf  0.1252
38  r  33 23 13 0  conf  0.1264
13  r  33 23 38  conf  0.1298
23  r  33 38 13  conf  0.1362
33  r  23 38 13  conf  0.1281
0  r  33 23 38 8  conf  0.1288
38  r  33 23 8 0  conf  0.1319
0  r  33 23 38 8 13  conf  0.1247
38  r  33 23 8 13 0  conf  0.1252
13  r  33 23 38 8  conf  0.1288
8  r  33 23 38 13  conf  0.1252
23  r  33 38 8 13  conf  0.1317
33  r  23 38 8 13  conf  0.1262
8  r  33 23 38  conf  0.1298
23  r  33 38 8  conf  0.1391
33  r  23 38 8  conf  0.1307
0  r  33 23 38 3  conf  0.1283
38  r  33 23 3 0  conf  0.1312
0  r  33 23 38 3 13  conf  0.124
38  r  33 23 3 13 0  conf  0.1243
13  r  33 23 38 3  conf  0.1283
3  r  33 23 38 13  conf  0.1252
23  r  33 38 3 13  conf  0.131
33  r  23 38 3 13  conf  0.1259
0  r  33 23 38 3 8  conf  0.1278
38  r  33 23 3 8 0  conf  0.1305
0  r  33 23 38 3 8 13  conf  0.1238
38  r  33 23 3 8 13 0  conf  0.1238
13  r  33 23 38 3 8  conf  0.1278
8  r  33 23 38 3 13  conf  0.124
3  r  33 23 38 8 13  conf  0.1247
23  r  33 38 3 8 13  conf  0.1293
33  r  23 38 3 8 13  conf  0.1252
8  r  33 23 38 3  conf  0.1283
3  r  33 23 38 8  conf  0.1288
23  r  33 38 3 8  conf  0.1362
33  r  23 38 3 8  conf  0.1295
3  r  33 23 38  conf  0.1298
23  r  33 38 3  conf  0.1381
33  r  23 38 3  conf  0.1307
0  r  33 23 38 28  conf  0.1266
38  r  33 23 28 0  conf  0.1305
0  r  33 23 38 28 13  conf  0.1231
38  r  33 23 28 13 0  conf  0.1243
13  r  33 23 38 28  conf  0.1266
28  r  33 23 38 13  conf  0.1252
23  r  33 38 28 13  conf  0.1293
33  r  23 38 28 13  conf  0.1257
0  r  33 23 38 28 8  conf  0.1264
38  r  33 23 28 8 0  conf  0.1295
0  r  33 23 38 28 8 13  conf  0.1228
38  r  33 23 28 8 13 0  conf  0.1235
13  r  33 23 38 28 8  conf  0.1264
8  r  33 23 38 28 13  conf  0.1231
28  r  33 23 38 8 13  conf  0.1247
23  r  33 38 28 8 13  conf  0.1276
33  r  23 38 28 8 13  conf  0.1243
8  r  33 23 38 28  conf  0.1266
28  r  33 23 38 8  conf  0.1288
23  r  33 38 28 8  conf  0.1333
33  r  23 38 28 8  conf  0.1281
0  r  33 23 38 28 3  conf  0.1264
38  r  33 23 28 3 0  conf  0.129
0  r  33 23 38 28 3 13  conf  0.1228
38  r  33 23 28 3 13 0  conf  0.1231
13  r  33 23 38 28 3  conf  0.1264
3  r  33 23 38 28 13  conf  0.1231
28  r  33 23 38 3 13  conf  0.124
23  r  33 38 28 3 13  conf  0.1276
33  r  23 38 28 3 13  conf  0.1245
0  r  33 23 38 28 3 8  conf  0.1262
38  r  33 23 28 3 8 0  conf  0.1288
0  r  33 23 38 28 3 8 13  conf  0.1226
38  r  33 23 28 3 8 13 0  conf  0.1228
13  r  33 23 38 28 3 8  conf  0.1262
8  r  33 23 38 28 3 13  conf  0.1228
3  r  33 23 38 28 8 13  conf  0.1228
28  r  33 23 38 3 8 13  conf  0.1238
23  r  33 38 28 3 8 13  conf  0.1269
33  r  23 38 28 3 8 13  conf  0.124
8  r  33 23 38 28 3  conf  0.1264
3  r  33 23 38 28 8  conf  0.1264
28  r  33 23 38 3 8  conf  0.1278
23  r  33 38 28 3 8  conf  0.1326
33  r  23 38 28 3 8  conf  0.1278
3  r  33 23 38 28  conf  0.1266
28  r  33 23 38 3  conf  0.1283
23  r  33 38 28 3  conf  0.1333
33  r  23 38 28 3  conf  0.1286
28  r  33 23 38  conf  0.1298
23  r  33 38 28  conf  0.1353
33  r  23 38 28  conf  0.1302
23  r  33 38  conf  0.1463
33  r  23 38  conf  0.135
23  r  33  conf  0.2001
33  r  23  conf  0.2006
18  r  33 0  conf  0.1544
33  r  18 0  conf  0.152
13  r  33 18 0  conf  0.1439
18  r  33 13 0  conf  0.1396
33  r  18 13 0  conf  0.1396
13  r  33 18  conf  0.187
18  r  33 13  conf  0.1769
33  r  18 13  conf  0.1793
8  r  33 18 0  conf  0.1439
18  r  33 8 0  conf  0.1448
33  r  18 8 0  conf  0.1439
13  r  33 18 8 0  conf  0.1405
8  r  33 18 13 0  conf  0.1338
18  r  33 8 13 0  conf  0.1336
33  r  18 8 13 0  conf  0.1343
13  r  33 18 8  conf  0.1836
8  r  33 18 13  conf  0.1709
18  r  33 8 13  conf  0.1709
33  r  18 8 13  conf  0.1729
8  r  33 18  conf  0.187
18  r  33 8  conf  0.1896
33  r  18 8  conf  0.1903
3  r  33 18 0  conf  0.1439
18  r  33 3 0  conf  0.1432
33  r  18 3 0  conf  0.1434
13  r  33 18 3 0  conf  0.1398
3  r  33 18 13 0  conf  0.1338
18  r  33 3 13 0  conf  0.1326
33  r  18 3 13 0  conf  0.1336
13  r  33 18 3  conf  0.1829
3  r  33 18 13  conf  0.1709
18  r  33 3 13  conf  0.17
33  r  18 3 13  conf  0.1726
8  r  33 18 3 0  conf  0.1398
3  r  33 18 8 0  conf  0.1405
18  r  33 3 8 0  conf  0.1408
33  r  18 3 8 0  conf  0.141
13  r  33 18 3 8 0  conf  0.1381
8  r  33 18 3 13 0  conf  0.131
3  r  33 18 8 13 0  conf  0.1317
18  r  33 3 8 13 0  conf  0.1305
33  r  18 3 8 13 0  conf  0.1319
13  r  33 18 3 8  conf  0.1812
8  r  33 18 3 13  conf  0.1681
3  r  33 18 8 13  conf  0.1688
18  r  33 3 8 13  conf  0.1678
33  r  18 3 8 13  conf  0.1705
8  r  33 18 3  conf  0.1829
3  r  33 18 8  conf  0.1836
18  r  33 3 8  conf  0.1853
33  r  18 3 8  conf  0.1875
3  r  33 18  conf  0.187
18  r  33 3  conf  0.1877
33  r  18 3  conf  0.1903
28  r  33 18 0  conf  0.1439
18  r  33 28 0  conf  0.1401
33  r  18 28 0  conf  0.1427
13  r  33 18 28 0  conf  0.1372
28  r  33 18 13 0  conf  0.1338
18  r  33 28 13 0  conf  0.1314
33  r  18 28 13 0  conf  0.1331
13  r  33 18 28  conf  0.1779
28  r  33 18 13  conf  0.1709
18  r  33 28 13  conf  0.1676
33  r  18 28 13  conf  0.1705
8  r  33 18 28 0  conf  0.1372
28  r  33 18 8 0  conf  0.1405
18  r  33 28 8 0  conf  0.1374
33  r  18 28 8 0  conf  0.1389
13  r  33 18 28 8 0  conf  0.136
8  r  33 18 28 13 0  conf  0.129
28  r  33 18 8 13 0  conf  0.1317
18  r  33 28 8 13 0  conf  0.1293
33  r  18 28 8 13 0  conf  0.1305
13  r  33 18 28 8  conf  0.1767
8  r  33 18 28 13  conf  0.1652
28  r  33 18 8 13  conf  0.1688
18  r  33 28 8 13  conf  0.1654
33  r  18 28 8 13  conf  0.1676
8  r  33 18 28  conf  0.1779
28  r  33 18 8  conf  0.1836
18  r  33 28 8  conf  0.1786
33  r  18 28 8  conf  0.1822
3  r  33 18 28 0  conf  0.1372
28  r  33 18 3 0  conf  0.1398
18  r  33 28 3 0  conf  0.1369
33  r  18 28 3 0  conf  0.1386
13  r  33 18 28 3 0  conf  0.1355
3  r  33 18 28 13 0  conf  0.129
28  r  33 18 3 13 0  conf  0.131
18  r  33 28 3 13 0  conf  0.1288
33  r  18 28 3 13 0  conf  0.13
13  r  33 18 28 3  conf  0.1762
3  r  33 18 28 13  conf  0.1652
28  r  33 18 3 13  conf  0.1681
18  r  33 28 3 13  conf  0.165
33  r  18 28 3 13  conf  0.1673
8  r  33 18 28 3 0  conf  0.1355
3  r  33 18 28 8 0  conf  0.136
28  r  33 18 3 8 0  conf  0.1381
18  r  33 28 3 8 0  conf  0.1362
33  r  18 28 3 8 0  conf  0.1377
13  r  33 18 28 3 8 0  conf  0.135
8  r  33 18 28 3 13 0  conf  0.1276
3  r  33 18 28 8 13 0  conf  0.1281
28  r  33 18 3 8 13 0  conf  0.1295
18  r  33 28 3 8 13 0  conf  0.1281
33  r  18 28 3 8 13 0  conf  0.1293
13  r  33 18 28 3 8  conf  0.1757
8  r  33 18 28 3 13  conf  0.1638
3  r  33 18 28 8 13  conf  0.1642
28  r  33 18 3 8 13  conf  0.1666
18  r  33 28 3 8 13  conf  0.1642
33  r  18 28 3 8 13  conf  0.1664
8  r  33 18 28 3  conf  0.1762
3  r  33 18 28 8  conf  0.1767
28  r  33 18 3 8  conf  0.1812
18  r  33 28 3 8  conf  0.1774
33  r  18 28 3 8  conf  0.181
3  r  33 18 28  conf  0.1779
28  r  33 18 3  conf  0.1829
18  r  33 28 3  conf  0.1781
33  r  18 28 3  conf  0.1822
28  r  33 18  conf  0.187
18  r  33 28  conf  0.1812
33  r  18 28  conf  0.1867
0  r  33 18 38  conf  0.1379
38  r  33 18 0  conf  0.1439
18  r  33 38 0  conf  0.1262
33  r  18 38 0  conf  0.1228
0  r  33 18 38 13  conf  0.131
38  r  33 18 13 0  conf  0.1338
13  r  33 18 38  conf  0.1379
18  r  33 38 13  conf  0.1362
33  r  18 38 13  conf  0.1348
0  r  33 18 38 8  conf  0.136
38  r  33 18 8 0  conf  0.1405
0  r  33 18 38 8 13  conf  0.1298
38  r  33 18 8 13 0  conf  0.1317
13  r  33 18 38 8  conf  0.136
8  r  33 18 38 13  conf  0.131
18  r  33 38 8 13  conf  0.1317
33  r  18 38 8 13  conf  0.1312
8  r  33 18 38  conf  0.1379
18  r  33 38 8  conf  0.1391
33  r  18 38 8  conf  0.1377
0  r  33 18 38 3  conf  0.1353
38  r  33 18 3 0  conf  0.1398
0  r  33 18 38 3 13  conf  0.129
38  r  33 18 3 13 0  conf  0.131
13  r  33 18 38 3  conf  0.1353
3  r  33 18 38 13  conf  0.131
18  r  33 38 3 13  conf  0.131
33  r  18 38 3 13  conf  0.131
0  r  33 18 38 3 8  conf  0.1341
38  r  33 18 3 8 0  conf  0.1381
0  r  33 18 38 3 8 13  conf  0.1281
38  r  33 18 3 8 13 0  conf  0.1295
13  r  33 18 38 3 8  conf  0.1341
8  r  33 18 38 3 13  conf  0.129
3  r  33 18 38 8 13  conf  0.1298
18  r  33 38 3 8 13  conf  0.1293
33  r  18 38 3 8 13  conf  0.1295
8  r  33 18 38 3  conf  0.1353
3  r  33 18 38 8  conf  0.136
18  r  33 38 3 8  conf  0.1362
33  r  18 38 3 8  conf  0.1357
3  r  33 18 38  conf  0.1379
18  r  33 38 3  conf  0.1381
33  r  18 38 3  conf  0.1377
0  r  33 18 38 28  conf  0.1322
38  r  33 18 28 0  conf  0.1372
0  r  33 18 38 28 13  conf  0.1269
38  r  33 18 28 13 0  conf  0.129
13  r  33 18 38 28  conf  0.1322
28  r  33 18 38 13  conf  0.131
18  r  33 38 28 13  conf  0.1293
33  r  18 38 28 13  conf  0.1298
0  r  33 18 38 28 8  conf  0.1317
38  r  33 18 28 8 0  conf  0.136
0  r  33 18 38 28 8 13  conf  0.1264
38  r  33 18 28 8 13 0  conf  0.1281
13  r  33 18 38 28 8  conf  0.1317
8  r  33 18 38 28 13  conf  0.1269
28  r  33 18 38 8 13  conf  0.1298
18  r  33 38 28 8 13  conf  0.1276
33  r  18 38 28 8 13  conf  0.1278
8  r  33 18 38 28  conf  0.1322
28  r  33 18 38 8  conf  0.136
18  r  33 38 28 8  conf  0.1333
33  r  18 38 28 8  conf  0.1333
0  r  33 18 38 28 3  conf  0.1317
38  r  33 18 28 3 0  conf  0.1355
0  r  33 18 38 28 3 13  conf  0.1264
38  r  33 18 28 3 13 0  conf  0.1276
13  r  33 18 38 28 3  conf  0.1317
3  r  33 18 38 28 13  conf  0.1269
28  r  33 18 38 3 13  conf  0.129
18  r  33 38 28 3 13  conf  0.1276
33  r  18 38 28 3 13  conf  0.1281
0  r  33 18 38 28 3 8  conf  0.1312
38  r  33 18 28 3 8 0  conf  0.135
0  r  33 18 38 28 3 8 13  conf  0.1259
38  r  33 18 28 3 8 13 0  conf  0.1271
13  r  33 18 38 28 3 8  conf  0.1312
8  r  33 18 38 28 3 13  conf  0.1264
3  r  33 18 38 28 8 13  conf  0.1264
28  r  33 18 38 3 8 13  conf  0.1281
18  r  33 38 28 3 8 13  conf  0.1269
33  r  18 38 28 3 8 13  conf  0.1274
8  r  33 18 38 28 3  conf  0.1317
3  r  33 18 38 28 8  conf  0.1317
28  r  33 18 38 3 8  conf  0.1341
18  r  33 38 28 3 8  conf  0.1326
33  r  18 38 28 3 8  conf  0.1329
3  r  33 18 38 28  conf  0.1322
28  r  33 18 38 3  conf  0.1353
18  r  33 38 28 3  conf  0.1333
33  r  18 38 28 3  conf  0.1338
28  r  33 18 38  conf  0.1379
18  r  33 38 28  conf  0.1353
33  r  18 38 28  conf  0.1357
18  r  33 38  conf  0.1463
33  r  18 38  conf  0.1427
23  r  33 18 0  conf  0.1439
18  r  33 23 0  conf  0.1341
33  r  18 23 0  conf  0.1408
13  r  33 18 23 0  conf  0.1338
23  r  33 18 13 0  conf  0.1338
18  r  33 23 13 0  conf  0.1264
33  r  18 23 13 0  conf  0.131
13  r  33 18 23  conf  0.1764
23  r  33 18 13  conf  0.1709
18  r  33 23 13  conf  0.1635
33  r  18 23 13  conf  0.1702
8  r  33 18 23 0  conf  0.1338
23  r  33 18 8 0  conf  0.1405
18  r  33 23 8 0  conf  0.1319
33  r  18 23 8 0  conf  0.135
13  r  33 18 23 8 0  conf  0.1317
8  r  33 18 23 13 0  conf  0.1262
23  r  33 18 8 13 0  conf  0.1317
18  r  33 23 8 13 0  conf  0.1252
33  r  18 23 8 13 0  conf  0.1276
13  r  33 18 23 8  conf  0.1743
8  r  33 18 23 13  conf  0.1633
23  r  33 18 8 13  conf  0.1688
18  r  33 23 8 13  conf  0.1623
33  r  18 23 8 13  conf  0.1657
8  r  33 18 23  conf  0.1764
23  r  33 18 8  conf  0.1836
18  r  33 23 8  conf  0.1748
33  r  18 23 8  conf  0.1805
3  r  33 18 23 0  conf  0.1338
23  r  33 18 3 0  conf  0.1398
18  r  33 23 3 0  conf  0.1312
33  r  18 23 3 0  conf  0.1345
13  r  33 18 23 3 0  conf  0.131
3  r  33 18 23 13 0  conf  0.1262
23  r  33 18 3 13 0  conf  0.131
18  r  33 23 3 13 0  conf  0.1243
33  r  18 23 3 13 0  conf  0.1266
13  r  33 18 23 3  conf  0.1736
3  r  33 18 23 13  conf  0.1633
23  r  33 18 3 13  conf  0.1681
18  r  33 23 3 13  conf  0.1614
33  r  18 23 3 13  conf  0.1652
8  r  33 18 23 3 0  conf  0.131
3  r  33 18 23 8 0  conf  0.1317
23  r  33 18 3 8 0  conf  0.1381
18  r  33 23 3 8 0  conf  0.1305
33  r  18 23 3 8 0  conf  0.1331
13  r  33 18 23 3 8 0  conf  0.1302
8  r  33 18 23 3 13 0  conf  0.124
3  r  33 18 23 8 13 0  conf  0.125
23  r  33 18 3 8 13 0  conf  0.1295
18  r  33 23 3 8 13 0  conf  0.1238
33  r  18 23 3 8 13 0  conf  0.1259
13  r  33 18 23 3 8  conf  0.1729
8  r  33 18 23 3 13  conf  0.1611
3  r  33 18 23 8 13  conf  0.1621
23  r  33 18 3 8 13  conf  0.1666
18  r  33 23 3 8 13  conf  0.1609
33  r  18 23 3 8 13  conf  0.164
8  r  33 18 23 3  conf  0.1736
3  r  33 18 23 8  conf  0.1743
23  r  33 18 3 8  conf  0.1812
18  r  33 23 3 8  conf  0.1733
33  r  18 23 3 8  conf  0.1786
3  r  33 18 23  conf  0.1764
23  r  33 18 3  conf  0.1829
18  r  33 23 3  conf  0.174
33  r  18 23 3  conf  0.1805
28  r  33 18 23 0  conf  0.1338
23  r  33 18 28 0  conf  0.1372
18  r  33 23 28 0  conf  0.1305
33  r  18 23 28 0  conf  0.1355
13  r  33 18 23 28 0  conf  0.1302
28  r  33 18 23 13 0  conf  0.1262
23  r  33 18 28 13 0  conf  0.129
18  r  33 23 28 13 0  conf  0.1243
33  r  18 23 28 13 0  conf  0.1278
13  r  33 18 23 28  conf  0.1709
28  r  33 18 23 13  conf  0.1633
23  r  33 18 28 13  conf  0.1652
18  r  33 23 28 13  conf  0.1604
33  r  18 23 28 13  conf  0.165
8  r  33 18 23 28 0  conf  0.1302
28  r  33 18 23 8 0  conf  0.1317
23  r  33 18 28 8 0  conf  0.136
18  r  33 23 28 8 0  conf  0.1295
33  r  18 23 28 8 0  conf  0.1322
13  r  33 18 23 28 8 0  conf  0.1293
8  r  33 18 23 28 13 0  conf  0.124
28  r  33 18 23 8 13 0  conf  0.125
23  r  33 18 28 8 13 0  conf  0.1281
18  r  33 23 28 8 13 0  conf  0.1235
33  r  18 23 28 8 13 0  conf  0.1257
13  r  33 18 23 28 8  conf  0.17
8  r  33 18 23 28 13  conf  0.1602
28  r  33 18 23 8 13  conf  0.1621
23  r  33 18 28 8 13  conf  0.1642
18  r  33 23 28 8 13  conf  0.1597
33  r  18 23 28 8 13  conf  0.1626
8  r  33 18 23 28  conf  0.1709
28  r  33 18 23 8  conf  0.1743
23  r  33 18 28 8  conf  0.1767
18  r  33 23 28 8  conf  0.1702
33  r  18 23 28 8  conf  0.1752
3  r  33 18 23 28 0  conf  0.1302
28  r  33 18 23 3 0  conf  0.131
23  r  33 18 28 3 0  conf  0.1355
18  r  33 23 28 3 0  conf  0.129
33  r  18 23 28 3 0  conf  0.1319
13  r  33 18 23 28 3 0  conf  0.1288
3  r  33 18 23 28 13 0  conf  0.124
28  r  33 18 23 3 13 0  conf  0.124
23  r  33 18 28 3 13 0  conf  0.1276
18  r  33 23 28 3 13 0  conf  0.1231
33  r  18 23 28 3 13 0  conf  0.1252
13  r  33 18 23 28 3  conf  0.1695
3  r  33 18 23 28 13  conf  0.1602
28  r  33 18 23 3 13  conf  0.1611
23  r  33 18 28 3 13  conf  0.1638
18  r  33 23 28 3 13  conf  0.1592
33  r  18 23 28 3 13  conf  0.1623
8  r  33 18 23 28 3 0  conf  0.1288
3  r  33 18 23 28 8 0  conf  0.1293
28  r  33 18 23 3 8 0  conf  0.1302
23  r  33 18 28 3 8 0  conf  0.135
18  r  33 23 28 3 8 0  conf  0.1288
33  r  18 23 28 3 8 0  conf  0.1312
13  r  33 18 23 28 3 8 0  conf  0.1286
8  r  33 18 23 28 3 13 0  conf  0.1228
3  r  33 18 23 28 8 13 0  conf  0.1233
28  r  33 18 23 3 8 13 0  conf  0.1235
23  r  33 18 28 3 8 13 0  conf  0.1271
18  r  33 23 28 3 8 13 0  conf  0.1228
33  r  18 23 28 3 8 13 0  conf  0.1247
13  r  33 18 23 28 3 8  conf  0.1693
8  r  33 18 23 28 3 13  conf  0.159
3  r  33 18 23 28 8 13  conf  0.1594
28  r  33 18 23 3 8 13  conf  0.1606
23  r  33 18 28 3 8 13  conf  0.1633
18  r  33 23 28 3 8 13  conf  0.159
33  r  18 23 28 3 8 13  conf  0.1616
8  r  33 18 23 28 3  conf  0.1695
3  r  33 18 23 28 8  conf  0.17
28  r  33 18 23 3 8  conf  0.1729
23  r  33 18 28 3 8  conf  0.1757
18  r  33 23 28 3 8  conf  0.1695
33  r  18 23 28 3 8  conf  0.1743
3  r  33 18 23 28  conf  0.1709
28  r  33 18 23 3  conf  0.1736
23  r  33 18 28 3  conf  0.1762
18  r  33 23 28 3  conf  0.1697
33  r  18 23 28 3  conf  0.1752
28  r  33 18 23  conf  0.1764
23  r  33 18 28  conf  0.1779
18  r  33 23 28  conf  0.1712
33  r  18 23 28  conf  0.1793
0  r  33 18 23 38  conf  0.1295
38  r  33 18 23 0  conf  0.1338
0  r  33 18 23 38 13  conf  0.125
38  r  33 18 23 13 0  conf  0.1262
13  r  33 18 23 38  conf  0.1295
23  r  33 18 38 13  conf  0.131
18  r  33 23 38 13  conf  0.1252
33  r  18 23 38 13  conf  0.1278
0  r  33 18 23 38 8  conf  0.1286
38  r  33 18 23 8 0  conf  0.1317
0  r  33 18 23 38 8 13  conf  0.1245
38  r  33 18 23 8 13 0  conf  0.125
13  r  33 18 23 38 8  conf  0.1286
8  r  33 18 23 38 13  conf  0.125
23  r  33 18 38 8 13  conf  0.1298
18  r  33 23 38 8 13  conf  0.1247
33  r  18 23 38 8 13  conf  0.1259
8  r  33 18 23 38  conf  0.1295
23  r  33 18 38 8  conf  0.136
18  r  33 23 38 8  conf  0.1288
33  r  18 23 38 8  conf  0.1302
0  r  33 18 23 38 3  conf  0.1281
38  r  33 18 23 3 0  conf  0.131
0  r  33 18 23 38 3 13  conf  0.1238
38  r  33 18 23 3 13 0  conf  0.124
13  r  33 18 23 38 3  conf  0.1281
3  r  33 18 23 38 13  conf  0.125
23  r  33 18 38 3 13  conf  0.129
18  r  33 23 38 3 13  conf  0.124
33  r  18 23 38 3 13  conf  0.1257
0  r  33 18 23 38 3 8  conf  0.1276
38  r  33 18 23 3 8 0  conf  0.1302
0  r  33 18 23 38 3 8 13  conf  0.1235
38  r  33 18 23 3 8 13 0  conf  0.1235
13  r  33 18 23 38 3 8  conf  0.1276
8  r  33 18 23 38 3 13  conf  0.1238
3  r  33 18 23 38 8 13  conf  0.1245
23  r  33 18 38 3 8 13  conf  0.1281
18  r  33 23 38 3 8 13  conf  0.1238
33  r  18 23 38 3 8 13  conf  0.125
8  r  33 18 23 38 3  conf  0.1281
3  r  33 18 23 38 8  conf  0.1286
23  r  33 18 38 3 8  conf  0.1341
18  r  33 23 38 3 8  conf  0.1278
33  r  18 23 38 3 8  conf  0.1293
3  r  33 18 23 38  conf  0.1295
23  r  33 18 38 3  conf  0.1353
18  r  33 23 38 3  conf  0.1283
33  r  18 23 38 3  conf  0.1305
0  r  33 18 23 38 28  conf  0.1264
38  r  33 18 23 28 0  conf  0.1302
0  r  33 18 23 38 28 13  conf  0.1228
38  r  33 18 23 28 13 0  conf  0.124
13  r  33 18 23 38 28  conf  0.1264
28  r  33 18 23 38 13  conf  0.125
23  r  33 18 38 28 13  conf  0.1269
18  r  33 23 38 28 13  conf  0.1231
33  r  18 23 38 28 13  conf  0.1254
0  r  33 18 23 38 28 8  conf  0.1262
38  r  33 18 23 28 8 0  conf  0.1293
0  r  33 18 23 38 28 8 13  conf  0.1226
38  r  33 18 23 28 8 13 0  conf  0.1233
13  r  33 18 23 38 28 8  conf  0.1262
8  r  33 18 23 38 28 13  conf  0.1228
28  r  33 18 23 38 8 13  conf  0.1245
23  r  33 18 38 28 8 13  conf  0.1264
18  r  33 23 38 28 8 13  conf  0.1228
33  r  18 23 38 28 8 13  conf  0.124
8  r  33 18 23 38 28  conf  0.1264
28  r  33 18 23 38 8  conf  0.1286
23  r  33 18 38 28 8  conf  0.1317
18  r  33 23 38 28 8  conf  0.1264
33  r  18 23 38 28 8  conf  0.1278
0  r  33 18 23 38 28 3  conf  0.1262
38  r  33 18 23 28 3 0  conf  0.1288
0  r  33 18 23 38 28 3 13  conf  0.1226
38  r  33 18 23 28 3 13 0  conf  0.1228
13  r  33 18 23 38 28 3  conf  0.1262
3  r  33 18 23 38 28 13  conf  0.1228
28  r  33 18 23 38 3 13  conf  0.1238
23  r  33 18 38 28 3 13  conf  0.1264
18  r  33 23 38 28 3 13  conf  0.1228
33  r  18 23 38 28 3 13  conf  0.1243
0  r  33 18 23 38 28 3 8  conf  0.1259
38  r  33 18 23 28 3 8 0  conf  0.1286
0  r  33 18 23 38 28 3 8 13  conf  0.1223
38  r  33 18 23 28 3 8 13 0  conf  0.1226
13  r  33 18 23 38 28 3 8  conf  0.1259
8  r  33 18 23 38 28 3 13  conf  0.1226
3  r  33 18 23 38 28 8 13  conf  0.1226
28  r  33 18 23 38 3 8 13  conf  0.1235
23  r  33 18 38 28 3 8 13  conf  0.1259
18  r  33 23 38 28 3 8 13  conf  0.1226
33  r  18 23 38 28 3 8 13  conf  0.1238
8  r  33 18 23 38 28 3  conf  0.1262
3  r  33 18 23 38 28 8  conf  0.1262
28  r  33 18 23 38 3 8  conf  0.1276
23  r  33 18 38 28 3 8  conf  0.1312
18  r  33 23 38 28 3 8  conf  0.1262
33  r  18 23 38 28 3 8  conf  0.1276
3  r  33 18 23 38 28  conf  0.1264
28  r  33 18 23 38 3  conf  0.1281
23  r  33 18 38 28 3  conf  0.1317
18  r  33 23 38 28 3  conf  0.1264
33  r  18 23 38 28 3  conf  0.1283
28  r  33 18 23 38  conf  0.1295
23  r  33 18 38 28  conf  0.1322
18  r  33 23 38 28  conf  0.1266
33  r  18 23 38 28  conf  0.1298
23  r  33 18 38  conf  0.1379
18  r  33 23 38  conf  0.1298
33  r  18 23 38  conf  0.1331
23  r  33 18  conf  0.187
18  r  33 23  conf  0.1772
33  r  18 23  conf  0.1882
18  r  33  conf  0.2001
33  r  18  conf  0.2004
10  r  30 5  conf  0.1231
5  r  30 10  conf  0.1269
20  r  30 10  conf  0.1269
20  r  30 5  conf  0.1231
4  r  19  conf  0.1997
4  r  19 24  conf  0.1618
24  r  19 4  conf  0.1609
19  r  24 4  conf  0.1489
24  r  19  conf  0.1997
19  r  24  conf  0.2006
4  r  19 34  conf  0.1609
34  r  19 4  conf  0.1609
19  r  34 4  conf  0.1484
4  r  19 34 24  conf  0.1271
24  r  19 34 4  conf  0.1333
34  r  19 24 4  conf  0.1343
19  r  34 24  conf  0.1314
34  r  19  conf  0.1997
19  r  34  conf  0.2001
4  r  19 29  conf  0.1594
29  r  19 4  conf  0.1609
19  r  29 4  conf  0.1468
4  r  19 29 24  conf  0.13
24  r  19 29 4  conf  0.1324
29  r  19 24 4  conf  0.1343
24  r  19 29  conf  0.1594
29  r  19 24  conf  0.1618
19  r  29 24  conf  0.1412
4  r  19 29 34  conf  0.1329
34  r  19 29 4  conf  0.1324
29  r  19 34 4  conf  0.1333
24  r  19 29 34  conf  0.1329
34  r  19 29 24  conf  0.13
29  r  19 34 24  conf  0.1271
34  r  19 29  conf  0.1594
29  r  19 34  conf  0.1609
19  r  29 34  conf  0.1434
22  r  32  conf  0.1994
32  r  22  conf  0.2001
22  r  32 37  conf  0.146
37  r  32 22  conf  0.1685
32  r  37 22  conf  0.1642
22  r  32 27  conf  0.1515
27  r  32 22  conf  0.1685
32  r  27 22  conf  0.1697
22  r  32 27 37  conf  0.1247
37  r  32 27 22  conf  0.148
27  r  32 37 22  conf  0.141
32  r  27 37 22  conf  0.1384
37  r  32 27  conf  0.1515
27  r  32 37  conf  0.146
32  r  27 37  conf  0.1398
10  r  25 5  conf  0.13
5  r  25 10  conf  0.129
20  r  25 10  conf  0.129
20  r  25 5  conf  0.13
22  r  7  conf  0.1987
7  r  22  conf  0.2001
22  r  7 37  conf  0.1535
37  r  7 22  conf  0.1661
7  r  37 22  conf  0.1642
22  r  7 27  conf  0.1547
27  r  7 22  conf  0.1661
7  r  27 22  conf  0.1697
22  r  7 27 37  conf  0.1281
37  r  7 27 22  conf  0.1465
27  r  7 37 22  conf  0.1456
7  r  27 37 22  conf  0.1384
37  r  7 27  conf  0.1547
27  r  7 37  conf  0.1535
7  r  27 37  conf  0.1398
22  r  7 32  conf  0.158
32  r  7 22  conf  0.1661
7  r  32 22  conf  0.1685
22  r  7 32 37  conf  0.1322
37  r  7 32 22  conf  0.147
32  r  7 37 22  conf  0.1456
7  r  32 37 22  conf  0.141
37  r  7 32  conf  0.158
32  r  7 37  conf  0.1535
7  r  32 37  conf  0.146
22  r  7 32 27  conf  0.1333
27  r  7 32 22  conf  0.147
32  r  7 27 22  conf  0.1465
7  r  32 27 22  conf  0.148
37  r  7 32 27 22  conf  0.1324
27  r  7 32 37 22  conf  0.1295
32  r  7 27 37 22  conf  0.1276
7  r  32 27 37 22  conf  0.1245
37  r  7 32 27  conf  0.1333
27  r  7 32 37  conf  0.1322
32  r  7 27 37  conf  0.1281
7  r  32 27 37  conf  0.1247
27  r  7 32  conf  0.158
32  r  7 27  conf  0.1547
7  r  32 27  conf  0.1515
4  r  9  conf  0.1963
9  r  4  conf  0.2013
4  r  9 24  conf  0.1427
9  r  24 4  conf  0.1489
4  r  9 34  conf  0.1539
34  r  9 4  conf  0.1681
9  r  34 4  conf  0.1484
34  r  9 24 4  conf  0.1286
9  r  34 24  conf  0.1314
4  r  9 29  conf  0.1463
9  r  29 4  conf  0.1468
24  r  9 29 4  conf  0.1293
29  r  9 24 4  conf  0.1286
29  r  9 24  conf  0.1427
9  r  29 24  conf  0.1412
4  r  9 29 34  conf  0.1233
34  r  9 29 4  conf  0.1293
29  r  9 34 4  conf  0.1353
34  r  9 29  conf  0.1463
29  r  9 34  conf  0.1539
9  r  29 34  conf  0.1434
4  r  9 19  conf  0.1616
19  r  9 4  conf  0.1681
9  r  19 4  conf  0.1609
4  r  9 19 24  conf  0.1329
24  r  9 19 4  conf  0.1446
19  r  9 24 4  conf  0.1286
9  r  19 24 4  conf  0.1343
24  r  9 19  conf  0.1616
19  r  9 24  conf  0.1427
9  r  19 24  conf  0.1618
4  r  9 19 34  conf  0.1377
34  r  9 19 4  conf  0.1446
19  r  9 34 4  conf  0.1353
9  r  19 34 4  conf  0.1333
24  r  9 19 34 4  conf  0.1235
34  r  9 19 24 4  conf  0.1211
24  r  9 19 34  conf  0.1377
34  r  9 19 24  conf  0.1329
9  r  19 34 24  conf  0.1271
34  r  9 19  conf  0.1616
19  r  9 34  conf  0.1539
9  r  19 34  conf  0.1609
4  r  9 19 29  conf  0.1336
29  r  9 19 4  conf  0.1446
19  r  9 29 4  conf  0.1293
9  r  19 29 4  conf  0.1324
29  r  9 19 24 4  conf  0.1211
24  r  9 19 29  conf  0.1336
29  r  9 19 24  conf  0.1329
9  r  19 29 24  conf  0.13
29  r  9 19 34 4  conf  0.1235
34  r  9 19 29  conf  0.1336
29  r  9 19 34  conf  0.1377
19  r  9 29 34  conf  0.1233
9  r  19 29 34  conf  0.1329
29  r  9 19  conf  0.1616
19  r  9 29  conf  0.1463
9  r  19 29  conf  0.1594
19  r  9  conf  0.1963
9  r  19  conf  0.1997
19  r  14 34  conf  0.1231
22  r  12  conf  0.1889
12  r  22  conf  0.2001
22  r  12 37  conf  0.1539
37  r  12 22  conf  0.1621
12  r  37 22  conf  0.1642
37  r  12  conf  0.1889
22  r  12 27  conf  0.1484
27  r  12 22  conf  0.1621
12  r  27 22  conf  0.1697
22  r  12 27 37  conf  0.1262
37  r  12 27 22  conf  0.142
27  r  12 37 22  conf  0.1439
12  r  27 37 22  conf  0.1384
37  r  12 27  conf  0.1484
27  r  12 37  conf  0.1539
12  r  27 37  conf  0.1398
22  r  12 32  conf  0.1499
32  r  12 22  conf  0.1621
12  r  32 22  conf  0.1685
22  r  12 32 37  conf  0.1293
37  r  12 32 22  conf  0.1429
32  r  12 37 22  conf  0.1439
12  r  32 37 22  conf  0.141
37  r  12 32  conf  0.1499
32  r  12 37  conf  0.1539
12  r  32 37  conf  0.146
22  r  12 32 27  conf  0.1295
27  r  12 32 22  conf  0.1429
32  r  12 27 22  conf  0.142
12  r  32 27 22  conf  0.148
37  r  12 32 27 22  conf  0.1288
27  r  12 32 37 22  conf  0.1271
32  r  12 27 37 22  conf  0.1254
12  r  32 27 37 22  conf  0.1245
37  r  12 32 27  conf  0.1295
27  r  12 32 37  conf  0.1293
32  r  12 27 37  conf  0.1262
12  r  32 27 37  conf  0.1247
27  r  12 32  conf  0.1499
32  r  12 27  conf  0.1484
12  r  32 27  conf  0.1515
22  r  12 7  conf  0.1685
7  r  12 22  conf  0.1621
12  r  7 22  conf  0.1661
22  r  12 7 37  conf  0.1444
37  r  12 7 22  conf  0.1525
7  r  12 37 22  conf  0.1439
12  r  7 37 22  conf  0.1456
37  r  12 7  conf  0.1685
7  r  12 37  conf  0.1539
12  r  7 37  conf  0.1535
22  r  12 7 27  conf  0.1396
27  r  12 7 22  conf  0.1525
7  r  12 27 22  conf  0.142
12  r  7 27 22  conf  0.1465
22  r  12 7 27 37  conf  0.1233
37  r  12 7 27 22  conf  0.1357
27  r  12 7 37 22  conf  0.1384
7  r  12 27 37 22  conf  0.1254
12  r  7 27 37 22  conf  0.1276
37  r  12 7 27  conf  0.1396
27  r  12 7 37  conf  0.1444
7  r  12 27 37  conf  0.1262
12  r  7 27 37  conf  0.1281
27  r  12 7  conf  0.1685
7  r  12 27  conf  0.1484
12  r  7 27  conf  0.1547
22  r  12 7 32  conf  0.1424
32  r  12 7 22  conf  0.1525
7  r  12 32 22  conf  0.1429
12  r  7 32 22  conf  0.147
22  r  12 7 32 37  conf  0.1259
37  r  12 7 32 22  conf  0.1365
32  r  12 7 37 22  conf  0.1384
7  r  12 32 37 22  conf  0.1271
12  r  7 32 37 22  conf  0.1295
37  r  12 7 32  conf  0.1424
32  r  12 7 37  conf  0.1444
7  r  12 32 37  conf  0.1293
12  r  7 32 37  conf  0.1322
22  r  12 7 32 27  conf  0.1247
27  r  12 7 32 22  conf  0.1365
32  r  12 7 27 22  conf  0.1357
7  r  12 32 27 22  conf  0.1288
12  r  7 32 27 22  conf  0.1324
37  r  12 7 32 27 22  conf  0.1243
27  r  12 7 32 37 22  conf  0.1238
32  r  12 7 27 37 22  conf  0.1228
37  r  12 7 32 27  conf  0.1247
27  r  12 7 32 37  conf  0.1259
32  r  12 7 27 37  conf  0.1233
27  r  12 7 32  conf  0.1424
32  r  12 7 27  conf  0.1396
7  r  12 32 27  conf  0.1295
12  r  7 32 27  conf  0.1333
32  r  12 7  conf  0.1685
7  r  12 32  conf  0.1499
12  r  7 32  conf  0.158
7  r  12  conf  0.1889
12  r  7  conf  0.1987
11  r  6 21  conf  0.1216
22  r  17 37  conf  0.1223
37  r  17  conf  0.1525
32  r  17 37  conf  0.1223
7  r  17 37  conf  0.1223
12  r  17 37  conf  0.1223