0.0008
18 19  freq  0.099
18  freq  0.1072
4 19  freq  0.1006
4 10  freq  0.1002
4  freq  0.1351
5 0 14  freq  0.1014
5 0 8  freq  0.1017
5 0  freq  0.1181
5 11 12 14 8  freq  0.1041
5 11 12 14  freq  0.1056
5 11 12 8  freq  0.1052
5 11 12  freq  0.1068
5 11 14 8  freq  0.1181
5 11 14  freq  0.1216
5 11 8  freq  0.1196
5 11  freq  0.1231
5 12 14 8  freq  0.1239
5 12 14  freq  0.1258
5 12 8  freq  0.1258
5 12  freq  0.1282
5 14 8  freq  0.1511
5 14  freq  0.1588
5 8  freq  0.1577
5  freq  0.1798
0 23 14  freq  0.1029
0 23 8  freq  0.1014
0 23  freq  0.1083
0 11 14 8  freq  0.101
0 11 14  freq  0.1052
0 11 8  freq  0.1045
0 11  freq  0.1103
0 12 14  freq  0.1014
0 12 8  freq  0.1002
0 12  freq  0.1037
0 14 8  freq  0.1452
0 14  freq  0.1612
0 8  freq  0.167
0  freq  0.2621
23 11 12 14  freq  0.1006
23 11 12  freq  0.1021
23 11 14 8  freq  0.108
23 11 14  freq  0.1142
23 11 8  freq  0.1107
23 11  freq  0.1196
23 12 14 8  freq  0.1126
23 12 14  freq  0.1181
23 12 8  freq  0.1146
23 12  freq  0.1212
23 1 14  freq  0.099
23 1  freq  0.1064
23 14 8  freq  0.1383
23 14  freq  0.1538
23 8  freq  0.1456
23  freq  0.1713
2 19 20  freq  0.1188
2 19 10  freq  0.1103
2 19  freq  0.146
2 20  freq  0.1274
2 10  freq  0.1227
2  freq  0.1751
9 19 20  freq  0.1087
9 19 10  freq  0.106
9 19 1  freq  0.1006
9 19  freq  0.1289
9 20 10  freq  0.1087
9 20 1  freq  0.1006
9 20  freq  0.1274
9 15 10  freq  0.0998
9 15 1  freq  0.1014
9 15  freq  0.1142
9 11  freq  0.106
9 10 12  freq  0.0994
9 10 1  freq  0.1064
9 10 8  freq  0.1041
9 10  freq  0.1289
9 12  freq  0.1115
9 1 8  freq  0.0998
9 1  freq  0.1235
9 14  freq  0.1029
9 8  freq  0.115
9  freq  0.16
3 20 10  freq  0.099
3 20  freq  0.108
3 15 11 10 12 14  freq  0.1002
3 15 11 10 12 8  freq  0.1021
3 15 11 10 12  freq  0.1049
3 15 11 10 1 8  freq  0.0994
3 15 11 10 1  freq  0.1037
3 15 11 10 14 8  freq  0.1006
3 15 11 10 14  freq  0.1045
3 15 11 10 8  freq  0.106
3 15 11 10  freq  0.1107
3 15 11 12 1 8  freq  0.0998
3 15 11 12 1  freq  0.1029
3 15 11 12 14 8  freq  0.1021
3 15 11 12 14  freq  0.1045
3 15 11 12 8  freq  0.1064
3 15 11 12  freq  0.1095
3 15 11 1 14  freq  0.1021
3 15 11 1 8  freq  0.1037
3 15 11 1  freq  0.1083
3 15 11 14 8  freq  0.1049
3 15 11 14  freq  0.1087
3 15 11 8  freq  0.1103
3 15 11  freq  0.1153
3 15 10 12 1 14  freq  0.1002
3 15 10 12 1 8  freq  0.1029
3 15 10 12 1  freq  0.1068
3 15 10 12 14 8  freq  0.1033
3 15 10 12 14  freq  0.1068
3 15 10 12 8  freq  0.1095
3 15 10 12  freq  0.1142
3 15 10 1 14 8  freq  0.1006
3 15 10 1 14  freq  0.1056
3 15 10 1 8  freq  0.1076
3 15 10 1  freq  0.1157
3 15 10 14 8  freq  0.1068
3 15 10 14  freq  0.113
3 15 10 8  freq  0.1142
3 15 10  freq  0.1243
3 15 12 1 14 8  freq  0.1025
3 15 12 1 14  freq  0.106
3 15 12 1 8  freq  0.1083
3 15 12 1  freq  0.113
3 15 12 14 8  freq  0.1087
3 15 12 14  freq  0.1126
3 15 12 8  freq  0.115
3 15 12  freq  0.1208
3 15 1 14 8  freq  0.106
3 15 1 14  freq  0.1115
3 15 1 8  freq  0.1134
3 15 1  freq  0.1227
3 15 14 8  freq  0.1122
3 15 14  freq  0.1188
3 15 8  freq  0.1204
3 15  freq  0.132
3 11 10 12 1 14 8  freq  0.1006
3 11 10 12 1 14  freq  0.1029
3 11 10 12 1 8  freq  0.106
3 11 10 12 1  freq  0.1087
3 11 10 12 14 8  freq  0.1099
3 11 10 12 14  freq  0.1122
3 11 10 12 8  freq  0.1157
3 11 10 12  freq  0.1188
3 11 10 1 14 8  freq  0.1045
3 11 10 1 14  freq  0.1087
3 11 10 1 8  freq  0.1122
3 11 10 1  freq  0.1177
3 11 10 14 8  freq  0.1142
3 11 10 14  freq  0.1188
3 11 10 8  freq  0.1231
3 11 10  freq  0.1293
3 11 12 1 14 8  freq  0.1072
3 11 12 1 14  freq  0.1095
3 11 12 1 8  freq  0.113
3 11 12 1  freq  0.1161
3 11 12 14 8  freq  0.1177
3 11 12 14  freq  0.12
3 11 12 8  freq  0.1243
3 11 12  freq  0.1278
3 11 1 14 8  freq  0.1118
3 11 1 14  freq  0.1161
3 11 1 8  freq  0.1204
3 11 1  freq  0.1262
3 11 14 8  freq  0.1231
3 11 14  freq  0.1278
3 11 8  freq  0.1332
3 11  freq  0.1398
3 10 12 1 14 8  freq  0.1087
3 10 12 1 14  freq  0.1118
3 10 12 1 8  freq  0.1165
3 10 12 1  freq  0.1212
3 10 12 14 8  freq  0.1181
3 10 12 14  freq  0.1216
3 10 12 8  freq  0.1262
3 10 12  freq  0.1324
3 10 1 14 8  freq  0.1134
3 10 1 14  freq  0.1196
3 10 1 8  freq  0.1243
3 10 1  freq  0.1348
3 10 14 8  freq  0.1235
3 10 14  freq  0.1317
3 10 8  freq  0.1355
3 10  freq  0.1511
3 12 1 14 8  freq  0.1173
3 12 1 14  freq  0.1208
3 12 1 8  freq  0.1258
3 12 1  freq  0.1313
3 12 14 8  freq  0.1285
3 12 14  freq  0.1324
3 12 8  freq  0.1379
3 12  freq  0.1464
3 1 14 8  freq  0.1227
3 1 14  freq  0.1297
3 1 8  freq  0.1351
3 1  freq  0.1472
3 14 8  freq  0.1351
3 14  freq  0.1441
3 8  freq  0.1495
3  freq  0.1693
19 20 15 10  freq  0.1052
19 20 15  freq  0.1216
19 20 11  freq  0.1076
19 20 10 12  freq  0.1045
19 20 10 1  freq  0.1146
19 20 10 8  freq  0.1021
19 20 10  freq  0.1565
19 20 12 1  freq  0.1002
19 20 12 8  freq  0.0994
19 20 12  freq  0.125
19 20 1  freq  0.1348
19 20 14  freq  0.1115
19 20 8  freq  0.1196
19 20  freq  0.2058
19 15 10 1  freq  0.0994
19 15 10  freq  0.12
19 15 12  freq  0.1017
19 15 1  freq  0.1157
19 15 8  freq  0.1017
19 15  freq  0.146
19 11 10  freq  0.1049
19 11 1  freq  0.099
19 11  freq  0.1262
19 10 12 1  freq  0.0994
19 10 12  freq  0.1173
19 10 1 8  freq  0.099
19 10 1  freq  0.1348
19 10 14  freq  0.1115
19 10 8  freq  0.1169
19 10  freq  0.1934
19 12 1  freq  0.115
19 12 14  freq  0.099
19 12 8  freq  0.1134
19 12  freq  0.1437
19 1 14  freq  0.1014
19 1 8  freq  0.1122
19 1  freq  0.1643
19 14 8  freq  0.1017
19 14  freq  0.1348
19 8  freq  0.1398
19  freq  0.2761
20 15 11  freq  0.1052
20 15 10 12  freq  0.1033
20 15 10 1  freq  0.1126
20 15 10 14  freq  0.099
20 15 10 8  freq  0.1064
20 15 10  freq  0.134
20 15 12 1  freq  0.1006
20 15 12  freq  0.1134
20 15 1 8  freq  0.1006
20 15 1  freq  0.1266
20 15 14  freq  0.106
20 15 8  freq  0.1146
20 15  freq  0.1557
20 11 10 12  freq  0.099
20 11 10 1  freq  0.1037
20 11 10 14  freq  0.1021
20 11 10 8  freq  0.1049
20 11 10  freq  0.1235
20 11 12 14  freq  0.0994
20 11 12 8  freq  0.106
20 11 12  freq  0.115
20 11 1 8  freq  0.0994
20 11 1  freq  0.1157
20 11 14 8  freq  0.1052
20 11 14  freq  0.1157
20 11 8  freq  0.1204
20 11  freq  0.1468
20 10 12 1 8  freq  0.1002
20 10 12 1  freq  0.113
20 10 12 14  freq  0.1014
20 10 12 8  freq  0.1118
20 10 12  freq  0.1328
20 10 1 14  freq  0.1068
20 10 1 8  freq  0.1142
20 10 1  freq  0.1487
20 10 14 8  freq  0.106
20 10 14  freq  0.1289
20 10 8  freq  0.1351
20 10  freq  0.2004
20 12 1 8  freq  0.1103
20 12 1  freq  0.1266
20 12 14 8  freq  0.1115
20 12 14  freq  0.12
20 12 8  freq  0.1336
20 12  freq  0.1635
20 1 14 8  freq  0.1002
20 1 14  freq  0.1169
20 1 8  freq  0.127
20 1  freq  0.1755
20 14 8  freq  0.1262
20 14  freq  0.155
20 8  freq  0.1631
20  freq  0.2792
15 11 10 12 1 14 8  freq  0.1099
15 11 10 12 1 14  freq  0.1138
15 11 10 12 1 8  freq  0.1161
15 11 10 12 1  freq  0.1216
15 11 10 12 14 8  freq  0.1177
15 11 10 12 14  freq  0.1219
15 11 10 12 8  freq  0.1247
15 11 10 12  freq  0.1309
15 11 10 1 14 8  freq  0.1153
15 11 10 1 14  freq  0.1243
15 11 10 1 8  freq  0.1231
15 11 10 1  freq  0.1355
15 11 10 14 8  freq  0.1243
15 11 10 14  freq  0.1344
15 11 10 8  freq  0.1336
15 11 10  freq  0.1487
15 11 12 1 14 8  freq  0.1173
15 11 12 1 14  freq  0.1219
15 11 12 1 8  freq  0.125
15 11 12 1  freq  0.1324
15 11 12 14 8  freq  0.1254
15 11 12 14  freq  0.1305
15 11 12 8  freq  0.1344
15 11 12  freq  0.1425
15 11 1 14 8  freq  0.1227
15 11 1 14  freq  0.1324
15 11 1 8  freq  0.132
15 11 1  freq  0.1476
15 11 14 8  freq  0.1324
15 11 14  freq  0.1437
15 11 8  freq  0.1437
15 11  freq  0.165
15 10 12 1 14 8  freq  0.1258
15 10 12 1 14  freq  0.1328
15 10 12 1 8  freq  0.1394
15 10 12 1  freq  0.1515
15 10 12 14 8  freq  0.1344
15 10 12 14  freq  0.1429
15 10 12 8  freq  0.1499
15 10 12  freq  0.165
15 10 1 14 8  freq  0.134
15 10 1 14  freq  0.1495
15 10 1 8  freq  0.1538
15 10 1  freq  0.1806
15 10 14 8  freq  0.1441
15 10 14  freq  0.1643
15 10 8  freq  0.1697
15 10  freq  0.2089
15 12 1 14 8  freq  0.1348
15 12 1 14  freq  0.1437
15 12 1 8  freq  0.1511
15 12 1  freq  0.1685
15 12 14 8  freq  0.1437
15 12 14  freq  0.1546
15 12 8  freq  0.1623
15 12  freq  0.1849
15 1 14 8  freq  0.1437
15 1 14  freq  0.1635
15 1 8  freq  0.1682
15 1  freq  0.212
15 14 8  freq  0.1546
15 14  freq  0.1825
15 8  freq  0.1868
15  freq  0.2633
11 10 12 1 14 8  freq  0.1289
11 10 12 1 14  freq  0.134
11 10 12 1 8  freq  0.1383
11 10 12 1  freq  0.1452
11 10 12 14 8  freq  0.1414
11 10 12 14  freq  0.1476
11 10 12 8  freq  0.1515
11 10 12  freq  0.1604
11 10 1 14 8  freq  0.1375
11 10 1 14  freq  0.1499
11 10 1 8  freq  0.1495
11 10 1  freq  0.1689
11 10 14 8  freq  0.1526
11 10 14  freq  0.1674
11 10 8  freq  0.167
11 10  freq  0.195
11 12 1 14 8  freq  0.1499
11 12 1 14  freq  0.1561
11 12 1 8  freq  0.1616
11 12 1  freq  0.1713
11 12 14 8  freq  0.2027
11 12 14  freq  0.2117
11 12 8  freq  0.2163
11 12  freq  0.2299
11 1 14 8  freq  0.1604
11 1 14  freq  0.1744
11 1 8  freq  0.1755
11 1  freq  0.2008
11 14 8  freq  0.2346
11 14  freq  0.2536
11 8  freq  0.2559
11  freq  0.3029
10 12 1 14 8  freq  0.1534
10 12 1 14  freq  0.1619
10 12 1 8  freq  0.1724
10 12 1  freq  0.1911
10 12 14 8  freq  0.1674
10 12 14  freq  0.1794
10 12 8  freq  0.1891
10 12  freq  0.2175
10 1 14 8  freq  0.1658
10 1 14  freq  0.1907
10 1 8  freq  0.195
10 1  freq  0.2501
10 14 8  freq  0.1845
10 14  freq  0.2229
10 8  freq  0.2229
10  freq  0.3417
12 1 14 8  freq  0.1915
12 1 14  freq  0.2047
12 1 8  freq  0.2159
12 1  freq  0.2439
12 14 8  freq  0.2691
12 14  freq  0.292
12 8  freq  0.301
12  freq  0.355
1 14 8  freq  0.2171
1 14  freq  0.2555
1 8  freq  0.2598
1  freq  0.3573
14 8  freq  0.3522
14  freq  0.435
8  freq  0.4381