0.0012
6  freq  0.0579
7 12 14 8  freq  0.0594
7 12 14  freq  0.061
7 12 8  freq  0.061
7 12  freq  0.0625
7 1 14 8  freq  0.0548
7 1 14  freq  0.0571
7 1 8  freq  0.0586
7 1  freq  0.0629
7 14 8  freq  0.0781
7 14  freq  0.0808
7 8  freq  0.0827
7  freq  0.0882
22 19  freq  0.0629
22 20  freq  0.0583
22  freq  0.0839
18 4  freq  0.0567
18 2 19 20 10  freq  0.0602
18 2 19 20  freq  0.073
18 2 19 10  freq  0.0699
18 2 19  freq  0.0866
18 2 20 10  freq  0.061
18 2 20  freq  0.0742
18 2 10  freq  0.0718
18 2 1  freq  0.0571
18 2  freq  0.0917
18 9 19  freq  0.0563
18 9  freq  0.0594
18 19 20 10  freq  0.0668
18 19 20 1  freq  0.0551
18 19 20  freq  0.0835
18 19 15  freq  0.0567
18 19 10  freq  0.0769
18 19 1  freq  0.061
18 19  freq  0.099
18 20 10  freq  0.068
18 20 1  freq  0.0563
18 20  freq  0.0858
18 15  freq  0.0586
18 10  freq  0.0796
18 12  freq  0.0548
18 1  freq  0.0645
18  freq  0.1072
4 2 19 20 10  freq  0.0551
4 2 19 20  freq  0.0645
4 2 19 10  freq  0.0641
4 2 19  freq  0.0757
4 2 20 10  freq  0.0579
4 2 20  freq  0.0691
4 2 10  freq  0.0695
4 2 1  freq  0.0579
4 2  freq  0.0858
4 9  freq  0.0602
4 19 20 10  freq  0.0695
4 19 20 1  freq  0.0594
4 19 20  freq  0.0823
4 19 15  freq  0.0606
4 19 10 1  freq  0.0598
4 19 10  freq  0.0819
4 19 1  freq  0.0699
4 19  freq  0.1006
4 20 15  freq  0.061
4 20 10 1  freq  0.059
4 20 10  freq  0.08
4 20 1  freq  0.0687
4 20  freq  0.0967
4 15 10  freq  0.0579
4 15 1  freq  0.0598
4 15  freq  0.0746
4 11  freq  0.0555
4 10 1  freq  0.0699
4 10  freq  0.1002
4 12  freq  0.0594
4 1  freq  0.087
4 14  freq  0.0617
4 8  freq  0.0575
4  freq  0.1351
5 0 23 11 12 14 8  freq  0.0583
5 0 23 11 8 14  freq  0.0641
5 0 23 11 14  freq  0.0645
5 0 23 12 8 14  freq  0.0649
5 0 23 14 8  freq  0.0718
5 0 23 14  freq  0.0722
5 0 23 8  freq  0.0722
5 0 23  freq  0.0726
5 0 11 12 8 14  freq  0.0641
5 0 11 12 14  freq  0.0645
5 0 11 14 8  freq  0.0769
5 0 11 14  freq  0.0777
5 0 11 8  freq  0.0773
5 0 11  freq  0.0781
5 0 12 14 8  freq  0.0734
5 0 12 14  freq  0.0738
5 0 12 8  freq  0.0738
5 0 12  freq  0.0746
5 0 14 8  freq  0.0975
5 0 14  freq  0.1014
5 0 8  freq  0.1017
5 0  freq  0.1181
5 23 11 12 8 14  freq  0.0711
5 23 11 12 14  freq  0.0715
5 23 11 8 14  freq  0.0769
5 23 11 14  freq  0.0784
5 23 12 8 14  freq  0.0788
5 23 12 14  freq  0.0792
5 23 14 8  freq  0.0866
5 23 14  freq  0.0885
5 23 8  freq  0.087
5 23  freq  0.0889
5 3 15  freq  0.0551
5 3 11 12 14 8  freq  0.0559
5 3 11 12 14  freq  0.0563
5 3 11 12 8  freq  0.0563
5 3 11 12  freq  0.0567
5 3 11 1 14 8  freq  0.0548
5 3 11 1 14  freq  0.0559
5 3 11 1 8  freq  0.0551
5 3 11 1  freq  0.0563
5 3 11 14 8  freq  0.0575
5 3 11 14  freq  0.0586
5 3 11 8  freq  0.0579
5 3 11  freq  0.059
5 3 10  freq  0.0555
5 3 12 1 14 8  freq  0.0559
5 3 12 1 14  freq  0.0563
5 3 12 1 8  freq  0.0563
5 3 12 1  freq  0.0567
5 3 12 14 8  freq  0.059
5 3 12 14  freq  0.0594
5 3 12 8  freq  0.0594
5 3 12  freq  0.0598
5 3 1 14 8  freq  0.0575
5 3 1 14  freq  0.0586
5 3 1 8  freq  0.0579
5 3 1  freq  0.0594
5 3 14 8  freq  0.061
5 3 14  freq  0.0621
5 3 8  freq  0.0614
5 3  freq  0.0633
5 15 11 10 12 14  freq  0.0551
5 15 11 10 12 8  freq  0.0551
5 15 11 10 12  freq  0.0559
5 15 11 10 1 14 8  freq  0.0548
5 15 11 10 1 14  freq  0.0567
5 15 11 10 1 8  freq  0.0555
5 15 11 10 1  freq  0.0575
5 15 11 10 14 8  freq  0.0563
5 15 11 10 14  freq  0.0583
5 15 11 10 8  freq  0.0571
5 15 11 10  freq  0.059
5 15 11 12 1 14 8  freq  0.0571
5 15 11 12 1 14  freq  0.0583
5 15 11 12 1 8  freq  0.0579
5 15 11 12 1  freq  0.059
5 15 11 12 14 8  freq  0.059
5 15 11 12 14  freq  0.0602
5 15 11 12 8  freq  0.0598
5 15 11 12  freq  0.061
5 15 11 1 14 8  freq  0.059
5 15 11 1 14  freq  0.0614
5 15 11 1 8  freq  0.0598
5 15 11 1  freq  0.0621
5 15 11 14 8  freq  0.061
5 15 11 14  freq  0.0633
5 15 11 8  freq  0.0617
5 15 11  freq  0.0641
5 15 10 12 1 14 8  freq  0.0548
5 15 10 12 1 14  freq  0.0555
5 15 10 12 1 8  freq  0.0555
5 15 10 12 1  freq  0.0563
5 15 10 12 14 8  freq  0.0563
5 15 10 12 14  freq  0.0571
5 15 10 12 8  freq  0.0571
5 15 10 12  freq  0.0579
5 15 10 1 14 8  freq  0.0571
5 15 10 1 14  freq  0.0594
5 15 10 1 8  freq  0.0579
5 15 10 1  freq  0.0606
5 15 10 14 8  freq  0.0586
5 15 10 14  freq  0.061
5 15 10 8  freq  0.0594
5 15 10  freq  0.0625
5 15 12 1 14 8  freq  0.0594
5 15 12 1 14  freq  0.061
5 15 12 1 8  freq  0.0602
5 15 12 1  freq  0.0617
5 15 12 14 8  freq  0.0614
5 15 12 14  freq  0.0629
5 15 12 8  freq  0.0621
5 15 12  freq  0.0637
5 15 1 14 8  freq  0.0617
5 15 1 14  freq  0.0649
5 15 1 8  freq  0.0625
5 15 1  freq  0.066
5 15 14 8  freq  0.0637
5 15 14  freq  0.0668
5 15 8  freq  0.0645
5 15  freq  0.0683
5 11 10 12 1 14 8  freq  0.0602
5 11 10 12 1 14  freq  0.0614
5 11 10 12 1 8  freq  0.061
5 11 10 12 1  freq  0.0621
5 11 10 12 14 8  freq  0.0617
5 11 10 12 14  freq  0.0629
5 11 10 12 8  freq  0.0625
5 11 10 12  freq  0.0637
5 11 10 1 14 8  freq  0.0625
5 11 10 1 14  freq  0.0656
5 11 10 1 8  freq  0.0633
5 11 10 1  freq  0.0664
5 11 10 14 8  freq  0.0645
5 11 10 14  freq  0.0676
5 11 10 8  freq  0.0652
5 11 10  freq  0.0683
5 11 12 1 14 8  freq  0.0722
5 11 12 1 14  freq  0.0738
5 11 12 1 8  freq  0.0734
5 11 12 1  freq  0.075
5 11 12 14 8  freq  0.1041
5 11 12 14  freq  0.1056
5 11 12 8  freq  0.1052
5 11 12  freq  0.1068
5 11 1 14 8  freq  0.0746
5 11 1 14  freq  0.0781
5 11 1 8  freq  0.0757
5 11 1  freq  0.0792
5 11 14 8  freq  0.1181
5 11 14  freq  0.1216
5 11 8  freq  0.1196
5 11  freq  0.1231
5 10 12 1 14 8  freq  0.0645
5 10 12 1 14  freq  0.0656
5 10 12 1 8  freq  0.0652
5 10 12 1  freq  0.0664
5 10 12 14 8  freq  0.066
5 10 12 14  freq  0.0672
5 10 12 8  freq  0.0668
5 10 12  freq  0.068
5 10 1 14 8  freq  0.0672
5 10 1 14  freq  0.0707
5 10 1 8  freq  0.068
5 10 1  freq  0.0718
5 10 14 8  freq  0.0691
5 10 14  freq  0.073
5 10 8  freq  0.0699
5 10  freq  0.0746
5 12 1 14 8  freq  0.0819
5 12 1 14  freq  0.0839
5 12 1 8  freq  0.0835
5 12 1  freq  0.0854
5 12 14 8  freq  0.1239
5 12 14  freq  0.1258
5 12 8  freq  0.1258
5 12  freq  0.1282
5 1 14 8  freq  0.0862
5 1 14  freq  0.0905
5 1 8  freq  0.0882
5 1  freq  0.0928
5 14 8  freq  0.1511
5 14  freq  0.1588
5 8  freq  0.1577
5  freq  0.1798
0 23 11 12 14 8  freq  0.0711
0 23 11 12 14  freq  0.0718
0 23 11 12 8  freq  0.0718
0 23 11 12  freq  0.0726
0 23 11 14 8  freq  0.0796
0 23 11 14  freq  0.0816
0 23 11 8  freq  0.0804
0 23 11  freq  0.0823
0 23 12 14 8  freq  0.08
0 23 12 14  freq  0.0812
0 23 12 8  freq  0.0808
0 23 12  freq  0.0819
0 23 1 14  freq  0.0555
0 23 1  freq  0.0567
0 23 14 8  freq  0.0979
0 23 14  freq  0.1029
0 23 8  freq  0.1014
0 23  freq  0.1083
0 15 11  freq  0.0548
0 15 10 14  freq  0.0555
0 15 10  freq  0.0567
0 15 1  freq  0.0567
0 15 14  freq  0.0571
0 15  freq  0.0594
0 11 10 12  freq  0.0555
0 11 10 1 14  freq  0.0551
0 11 10 1  freq  0.0563
0 11 10 14 8  freq  0.0555
0 11 10 14  freq  0.0598
0 11 10 8  freq  0.0567
0 11 10  freq  0.061
0 11 12 1 14  freq  0.0551
0 11 12 1 8  freq  0.0548
0 11 12 1  freq  0.0567
0 11 12 14 8  freq  0.0827
0 11 12 14  freq  0.085
0 11 12 8  freq  0.0843
0 11 12  freq  0.0866
0 11 1 14 8  freq  0.0559
0 11 1 14  freq  0.0594
0 11 1 8  freq  0.0575
0 11 1  freq  0.0614
0 11 14 8  freq  0.101
0 11 14  freq  0.1052
0 11 8  freq  0.1045
0 11  freq  0.1103
0 10 12 1  freq  0.0551
0 10 12 14 8  freq  0.0551
0 10 12 14  freq  0.0575
0 10 12 8  freq  0.0563
0 10 12  freq  0.0586
0 10 1 14 8  freq  0.0548
0 10 1 14  freq  0.0594
0 10 1 8  freq  0.0567
0 10 1  freq  0.0614
0 10 14 8  freq  0.059
0 10 14  freq  0.0649
0 10 8  freq  0.061
0 10  freq  0.0668
0 12 1 14 8  freq  0.0606
0 12 1 14  freq  0.0633
0 12 1 8  freq  0.0625
0 12 1  freq  0.0652
0 12 14 8  freq  0.0983
0 12 14  freq  0.1014
0 12 8  freq  0.1002
0 12  freq  0.1037
0 1 14 8  freq  0.0645
0 1 14  freq  0.0703
0 1 8  freq  0.068
0 1  freq  0.075
0 14 8  freq  0.1452
0 14  freq  0.1612
0 8  freq  0.167
0  freq  0.2621
23 3 15 11 10  freq  0.0555
23 3 15 11 14  freq  0.0548
23 3 15 11  freq  0.0559
23 3 15 10 12 14  freq  0.0548
23 3 15 10 12  freq  0.0555
23 3 15 10 1 14  freq  0.0551
23 3 15 10 1  freq  0.0563
23 3 15 10 14 8  freq  0.0555
23 3 15 10 14  freq  0.0583
23 3 15 10 8  freq  0.0567
23 3 15 10  freq  0.0594
23 3 15 12 14  freq  0.0551
23 3 15 12  freq  0.0559
23 3 15 1 14  freq  0.0555
23 3 15 1  freq  0.0567
23 3 15 14 8  freq  0.0559
23 3 15 14  freq  0.0586
23 3 15 8  freq  0.0571
23 3 15  freq  0.0598
23 3 11 10 12 14  freq  0.0548
23 3 11 10 12  freq  0.0555
23 3 11 10 1  freq  0.0559
23 3 11 10 14 8  freq  0.0559
23 3 11 10 14  freq  0.0583
23 3 11 10 8  freq  0.0575
23 3 11 10  freq  0.0598
23 3 11 12 14 8  freq  0.0548
23 3 11 12 14  freq  0.0563
23 3 11 12 8  freq  0.0555
23 3 11 12  freq  0.0571
23 3 11 1 14  freq  0.0559
23 3 11 1 8  freq  0.0551
23 3 11 1  freq  0.0575
23 3 11 14 8  freq  0.0583
23 3 11 14  freq  0.0606
23 3 11 8  freq  0.0598
23 3 11  freq  0.0621
23 3 10 12 1 14  freq  0.0551
23 3 10 12 1  freq  0.0559
23 3 10 12 14 8  freq  0.0571
23 3 10 12 14  freq  0.0586
23 3 10 12 8  freq  0.0579
23 3 10 12  freq  0.0594
23 3 10 1 14 8  freq  0.0563
23 3 10 1 14  freq  0.0598
23 3 10 1 8  freq  0.0579
23 3 10 1  freq  0.0614
23 3 10 14 8  freq  0.0602
23 3 10 14  freq  0.0637
23 3 10 8  freq  0.0617
23 3 10  freq  0.0652
23 3 12 1 14 8  freq  0.0548
23 3 12 1 14  freq  0.0563
23 3 12 1 8  freq  0.0555
23 3 12 1  freq  0.0571
23 3 12 14 8  freq  0.0586
23 3 12 14  freq  0.0602
23 3 12 8  freq  0.0594
23 3 12  freq  0.061
23 3 1 14 8  freq  0.0579
23 3 1 14  freq  0.0614
23 3 1 8  freq  0.0594
23 3 1  freq  0.0629
23 3 14 8  freq  0.0625
23 3 14  freq  0.066
23 3 8  freq  0.0641
23 3  freq  0.0676
23 20  freq  0.0548
23 15 11 10 12 1 14 8  freq  0.0548
23 15 11 10 12 1 14  freq  0.0567
23 15 11 10 12 1 8  freq  0.0555
23 15 11 10 12 1  freq  0.0575
23 15 11 10 12 14 8  freq  0.0586
23 15 11 10 12 14  freq  0.061
23 15 11 10 12 8  freq  0.0594
23 15 11 10 12  freq  0.0617
23 15 11 10 1 14 8  freq  0.0575
23 15 11 10 1 14  freq  0.061
23 15 11 10 1 8  freq  0.0586
23 15 11 10 1  freq  0.0625
23 15 11 10 14 8  freq  0.0617
23 15 11 10 14  freq  0.0656
23 15 11 10 8  freq  0.0637
23 15 11 10  freq  0.0683
23 15 11 12 1 14 8  freq  0.0555
23 15 11 12 1 14  freq  0.0579
23 15 11 12 1 8  freq  0.0563
23 15 11 12 1  freq  0.0586
23 15 11 12 14 8  freq  0.0594
23 15 11 12 14  freq  0.0621
23 15 11 12 8  freq  0.0606
23 15 11 12  freq  0.0633
23 15 11 1 14 8  freq  0.0583
23 15 11 1 14  freq  0.0621
23 15 11 1 8  freq  0.0594
23 15 11 1  freq  0.0637
23 15 11 14 8  freq  0.0625
23 15 11 14  freq  0.0672
23 15 11 8  freq  0.0649
23 15 11  freq  0.0703
23 15 10 12 1 14 8  freq  0.0598
23 15 10 12 1 14  freq  0.0625
23 15 10 12 1 8  freq  0.0606
23 15 10 12 1  freq  0.0633
23 15 10 12 14 8  freq  0.0637
23 15 10 12 14  freq  0.0672
23 15 10 12 8  freq  0.0645
23 15 10 12  freq  0.068
23 15 10 1 14 8  freq  0.0633
23 15 10 1 14  freq  0.0695
23 15 10 1 8  freq  0.0649
23 15 10 1  freq  0.0715
23 15 10 14 8  freq  0.0676
23 15 10 14  freq  0.0746
23 15 10 8  freq  0.0699
23 15 10  freq  0.0777
23 15 12 1 14 8  freq  0.0606
23 15 12 1 14  freq  0.0641
23 15 12 1 8  freq  0.0614
23 15 12 1  freq  0.0652
23 15 12 14 8  freq  0.0645
23 15 12 14  freq  0.0687
23 15 12 8  freq  0.0656
23 15 12  freq  0.0703
23 15 1 14 8  freq  0.0645
23 15 1 14  freq  0.0718
23 15 1 8  freq  0.066
23 15 1  freq  0.075
23 15 14 8  freq  0.0687
23 15 14  freq  0.0773
23 15 8  freq  0.0715
23 15  freq  0.0819
23 11 10 12 1 14 8  freq  0.0606
23 11 10 12 1 14  freq  0.0629
23 11 10 12 1 8  freq  0.0614
23 11 10 12 1  freq  0.0641
23 11 10 12 14 8  freq  0.0652
23 11 10 12 14  freq  0.0683
23 11 10 12 8  freq  0.066
23 11 10 12  freq  0.0695
23 11 10 1 14 8  freq  0.0637
23 11 10 1 14  freq  0.0683
23 11 10 1 8  freq  0.0652
23 11 10 1  freq  0.0711
23 11 10 14 8  freq  0.0695
23 11 10 14  freq  0.075
23 11 10 8  freq  0.0718
23 11 10  freq  0.0792
23 11 12 1 14 8  freq  0.0672
23 11 12 1 14  freq  0.0699
23 11 12 1 8  freq  0.068
23 11 12 1  freq  0.0711
23 11 12 14 8  freq  0.0971
23 11 12 14  freq  0.1006
23 11 12 8  freq  0.0983
23 11 12  freq  0.1021
23 11 1 14 8  freq  0.0707
23 11 1 14  freq  0.0757
23 11 1 8  freq  0.0722
23 11 1  freq  0.0788
23 11 14 8  freq  0.108
23 11 14  freq  0.1142
23 11 8  freq  0.1107
23 11  freq  0.1196
23 10 12 1 14 8  freq  0.0676
23 10 12 1 14  freq  0.0707
23 10 12 1 8  freq  0.0683
23 10 12 1  freq  0.0722
23 10 12 14 8  freq  0.0722
23 10 12 14  freq  0.0769
23 10 12 8  freq  0.0734
23 10 12  freq  0.0788
23 10 1 14 8  freq  0.0715
23 10 1 14  freq  0.08
23 10 1 8  freq  0.0734
23 10 1  freq  0.0843
23 10 14 8  freq  0.0781
23 10 14  freq  0.0889
23 10 8  freq  0.0812
23 10  freq  0.0963
23 12 1 14 8  freq  0.0792
23 12 1 14  freq  0.0831
23 12 1 8  freq  0.0804
23 12 1  freq  0.0854
23 12 14 8  freq  0.1126
23 12 14  freq  0.1181
23 12 8  freq  0.1146
23 12  freq  0.1212
23 1 14 8  freq  0.0882
23 1 14  freq  0.099
23 1 8  freq  0.0905
23 1  freq  0.1064
23 14 8  freq  0.1383
23 14  freq  0.1538
23 8  freq  0.1456
23  freq  0.1713
2 9 19 20  freq  0.0652
2 9 19 10  freq  0.0567
2 9 19  freq  0.0715
2 9 20 10  freq  0.0548
2 9 20  freq  0.0683
2 9 10  freq  0.0602
2 9 1  freq  0.0563
2 9  freq  0.0796
2 19 20 15 10  freq  0.0606
2 19 20 15  freq  0.0707
2 19 20 10 12  freq  0.0555
2 19 20 10 1  freq  0.0621
2 19 20 10  freq  0.0928
2 19 20 12  freq  0.0656
2 19 20 1  freq  0.0734
2 19 20 8  freq  0.0602
2 19 20  freq  0.1188
2 19 15 10  freq  0.0652
2 19 15 1  freq  0.059
2 19 15  freq  0.0781
2 19 10 12  freq  0.0579
2 19 10 1  freq  0.0695
2 19 10 8  freq  0.0548
2 19 10  freq  0.1103
2 19 12  freq  0.0691
2 19 1  freq  0.085
2 19 14  freq  0.0567
2 19 8  freq  0.0649
2 19  freq  0.146
2 20 15 10  freq  0.0621
2 20 15 1  freq  0.0563
2 20 15  freq  0.073
2 20 10 12  freq  0.0567
2 20 10 1  freq  0.0652
2 20 10  freq  0.0979
2 20 12  freq  0.0668
2 20 1  freq  0.0784
2 20 14  freq  0.0548
2 20 8  freq  0.0633
2 20  freq  0.1274
2 15 10  freq  0.0687
2 15 1  freq  0.0641
2 15  freq  0.0847
2 11  freq  0.0575
2 10 12  freq  0.061
2 10 1  freq  0.075
2 10 8  freq  0.0583
2 10  freq  0.1227
2 12 1  freq  0.0567
2 12  freq  0.0738
2 1  freq  0.0975
2 14  freq  0.0625
2 8  freq  0.0703
2  freq  0.1751
9 3 19 20 11 10  freq  0.0548
9 3 19 20 11 8  freq  0.0551
9 3 19 20 11  freq  0.0571
9 3 19 20 10 8  freq  0.0551
9 3 19 20 10  freq  0.0594
9 3 19 20 12  freq  0.0555
9 3 19 20 1  freq  0.0555
9 3 19 20 8  freq  0.0575
9 3 19 20  freq  0.0625
9 3 19 15 10  freq  0.0551
9 3 19 15  freq  0.0575
9 3 19 11 10 12  freq  0.0555
9 3 19 11 10 1  freq  0.0548
9 3 19 11 10 8  freq  0.0583
9 3 19 11 10  freq  0.0602
9 3 19 11 12 8  freq  0.0567
9 3 19 11 12  freq  0.0579
9 3 19 11 1 8  freq  0.0555
9 3 19 11 1  freq  0.0571
9 3 19 11 14 8  freq  0.0548
9 3 19 11 14  freq  0.0559
9 3 19 11 8  freq  0.061
9 3 19 11  freq  0.0629
9 3 19 10 12 8  freq  0.0567
9 3 19 10 12  freq  0.0586
9 3 19 10 1 8  freq  0.0559
9 3 19 10 1  freq  0.0594
9 3 19 10 14  freq  0.0567
9 3 19 10 8  freq  0.061
9 3 19 10  freq  0.0656
9 3 19 12 1 8  freq  0.0548
9 3 19 12 1  freq  0.0563
9 3 19 12 14  freq  0.0555
9 3 19 12 8  freq  0.0594
9 3 19 12  freq  0.0617
9 3 19 1 8  freq  0.0586
9 3 19 1  freq  0.0621
9 3 19 14 8  freq  0.0567
9 3 19 14  freq  0.059
9 3 19 8  freq  0.0641
9 3 19  freq  0.0695
9 3 20 15 11 10  freq  0.0563
9 3 20 15 11 8  freq  0.0555
9 3 20 15 11  freq  0.0575
9 3 20 15 10 12  freq  0.0559
9 3 20 15 10 1  freq  0.0559
9 3 20 15 10 8  freq  0.0567
9 3 20 15 10  freq  0.0598
9 3 20 15 12 8  freq  0.0555
9 3 20 15 12  freq  0.0575
9 3 20 15 1 8  freq  0.0548
9 3 20 15 1  freq  0.0579
9 3 20 15 14  freq  0.0555
9 3 20 15 8  freq  0.0583
9 3 20 15  freq  0.0621
9 3 20 11 10 12 1  freq  0.0548
9 3 20 11 10 12 14 8  freq  0.0559
9 3 20 11 10 12 14  freq  0.0567
9 3 20 11 10 12 8  freq  0.059
9 3 20 11 10 12  freq  0.0602
9 3 20 11 10 1 8  freq  0.0571
9 3 20 11 10 1  freq  0.0586
9 3 20 11 10 14 8  freq  0.0579
9 3 20 11 10 14  freq  0.059
9 3 20 11 10 8  freq  0.0633
9 3 20 11 10  freq  0.0652
9 3 20 11 12 1 8  freq  0.0551
9 3 20 11 12 1  freq  0.0563
9 3 20 11 12 14 8  freq  0.0571
9 3 20 11 12 14  freq  0.0579
9 3 20 11 12 8  freq  0.061
9 3 20 11 12  freq  0.0621
9 3 20 11 1 8  freq  0.059
9 3 20 11 1  freq  0.0606
9 3 20 11 14 8  freq  0.0594
9 3 20 11 14  freq  0.0606
9 3 20 11 8  freq  0.0656
9 3 20 11  freq  0.0676
9 3 20 10 12 1 8  freq  0.0567
9 3 20 10 12 1  freq  0.0583
9 3 20 10 12 14 8  freq  0.0575
9 3 20 10 12 14  freq  0.0586
9 3 20 10 12 8  freq  0.0621
9 3 20 10 12  freq  0.0641
9 3 20 10 1 14  freq  0.0555
9 3 20 10 1 8  freq  0.0602
9 3 20 10 1  freq  0.0633
9 3 20 10 14 8  freq  0.0594
9 3 20 10 14  freq  0.0617
9 3 20 10 8  freq  0.0664
9 3 20 10  freq  0.0707
9 3 20 12 1 8  freq  0.0583
9 3 20 12 1  freq  0.0598
9 3 20 12 14 8  freq  0.0586
9 3 20 12 14  freq  0.0598
9 3 20 12 8  freq  0.0641
9 3 20 12  freq  0.0664
9 3 20 1 14 8  freq  0.0551
9 3 20 1 14  freq  0.0571
9 3 20 1 8  freq  0.0625
9 3 20 1  freq  0.066
9 3 20 14 8  freq  0.061
9 3 20 14  freq  0.0633
9 3 20 8  freq  0.0691
9 3 20  freq  0.0746
9 3 15 11 10 12 1 14 8  freq  0.0548
9 3 15 11 10 12 1 14  freq  0.0555
9 3 15 11 10 12 1 8  freq  0.0571
9 3 15 11 10 12 1  freq  0.0583
9 3 15 11 10 12 14 8  freq  0.0583
9 3 15 11 10 12 14  freq  0.059
9 3 15 11 10 12 8  freq  0.0606
9 3 15 11 10 12  freq  0.0617
9 3 15 11 10 1 14 8  freq  0.0563
9 3 15 11 10 1 14  freq  0.0571
9 3 15 11 10 1 8  freq  0.0594
9 3 15 11 10 1  freq  0.061
9 3 15 11 10 14 8  freq  0.0598
9 3 15 11 10 14  freq  0.061
9 3 15 11 10 8  freq  0.0629
9 3 15 11 10  freq  0.0649
9 3 15 11 12 1 14 8  freq  0.0563
9 3 15 11 12 1 14  freq  0.0571
9 3 15 11 12 1 8  freq  0.0586
9 3 15 11 12 1  freq  0.0598
9 3 15 11 12 14 8  freq  0.0598
9 3 15 11 12 14  freq  0.0606
9 3 15 11 12 8  freq  0.0621
9 3 15 11 12  freq  0.0633
9 3 15 11 1 14 8  freq  0.0579
9 3 15 11 1 14  freq  0.0586
9 3 15 11 1 8  freq  0.061
9 3 15 11 1  freq  0.0625
9 3 15 11 14 8  freq  0.0614
9 3 15 11 14  freq  0.0625
9 3 15 11 8  freq  0.0645
9 3 15 11  freq  0.0664
9 3 15 10 12 1 14 8  freq  0.0559
9 3 15 10 12 1 14  freq  0.0575
9 3 15 10 12 1 8  freq  0.0594
9 3 15 10 12 1  freq  0.0614
9 3 15 10 12 14 8  freq  0.0594
9 3 15 10 12 14  freq  0.061
9 3 15 10 12 8  freq  0.0629
9 3 15 10 12  freq  0.0649
9 3 15 10 1 14 8  freq  0.0579
9 3 15 10 1 14  freq  0.0598
9 3 15 10 1 8  freq  0.0621
9 3 15 10 1  freq  0.0656
9 3 15 10 14 8  freq  0.0614
9 3 15 10 14  freq  0.0637
9 3 15 10 8  freq  0.0656
9 3 15 10  freq  0.0695
9 3 15 12 1 14 8  freq  0.0579
9 3 15 12 1 14  freq  0.0594
9 3 15 12 1 8  freq  0.0614
9 3 15 12 1  freq  0.0633
9 3 15 12 14 8  freq  0.0614
9 3 15 12 14  freq  0.0629
9 3 15 12 8  freq  0.0649
9 3 15 12  freq  0.0672
9 3 15 1 14 8  freq  0.0598
9 3 15 1 14  freq  0.0617
9 3 15 1 8  freq  0.0645
9 3 15 1  freq  0.0683
9 3 15 14 8  freq  0.0633
9 3 15 14  freq  0.0656
9 3 15 8  freq  0.068
9 3 15  freq  0.0726
9 3 11 10 12 1 14 8  freq  0.0594
9 3 11 10 12 1 14  freq  0.0602
9 3 11 10 12 1 8  freq  0.0625
9 3 11 10 12 1  freq  0.0637
9 3 11 10 12 14 8  freq  0.0656
9 3 11 10 12 14  freq  0.0664
9 3 11 10 12 8  freq  0.0687
9 3 11 10 12  freq  0.0699
9 3 11 10 1 14 8  freq  0.061
9 3 11 10 1 14  freq  0.0617
9 3 11 10 1 8  freq  0.066
9 3 11 10 1  freq  0.0676
9 3 11 10 14 8  freq  0.0676
9 3 11 10 14  freq  0.0687
9 3 11 10 8  freq  0.073
9 3 11 10  freq  0.075
9 3 11 12 1 14 8  freq  0.061
9 3 11 12 1 14  freq  0.0617
9 3 11 12 1 8  freq  0.0645
9 3 11 12 1  freq  0.0656
9 3 11 12 14 8  freq  0.0672
9 3 11 12 14  freq  0.068
9 3 11 12 8  freq  0.0711
9 3 11 12  freq  0.0722
9 3 11 1 14 8  freq  0.0629
9 3 11 1 14  freq  0.0637
9 3 11 1 8  freq  0.0683
9 3 11 1  freq  0.0699
9 3 11 14 8  freq  0.0695
9 3 11 14  freq  0.0707
9 3 11 8  freq  0.0757
9 3 11  freq  0.0777
9 3 10 12 1 14 8  freq  0.061
9 3 10 12 1 14  freq  0.0625
9 3 10 12 1 8  freq  0.0656
9 3 10 12 1  freq  0.0676
9 3 10 12 14 8  freq  0.0672
9 3 10 12 14  freq  0.0687
9 3 10 12 8  freq  0.0718
9 3 10 12  freq  0.0742
9 3 10 1 14 8  freq  0.0629
9 3 10 1 14  freq  0.0652
9 3 10 1 8  freq  0.0695
9 3 10 1  freq  0.0734
9 3 10 14 8  freq  0.0695
9 3 10 14  freq  0.0722
9 3 10 8  freq  0.0765
9 3 10  freq  0.0816
9 3 12 1 14 8  freq  0.0629
9 3 12 1 14  freq  0.0645
9 3 12 1 8  freq  0.068
9 3 12 1  freq  0.0699
9 3 12 14 8  freq  0.0691
9 3 12 14  freq  0.0707
9 3 12 8  freq  0.0746
9 3 12  freq  0.0773
9 3 1 14 8  freq  0.0652
9 3 1 14  freq  0.0676
9 3 1 8  freq  0.0726
9 3 1  freq  0.0769
9 3 14 8  freq  0.0718
9 3 14  freq  0.0746
9 3 8  freq  0.08
9 3  freq  0.0862
9 19 20 15 11 10  freq  0.059
9 19 20 15 11 12  freq  0.0551
9 19 20 15 11 1  freq  0.0571
9 19 20 15 11 8  freq  0.0563
9 19 20 15 11  freq  0.0629
9 19 20 15 10 12 1  freq  0.0567
9 19 20 15 10 12 8  freq  0.0559
9 19 20 15 10 12  freq  0.061
9 19 20 15 10 1 8  freq  0.0567
9 19 20 15 10 1  freq  0.0645
9 19 20 15 10 14  freq  0.0551
9 19 20 15 10 8  freq  0.0625
9 19 20 15 10  freq  0.0715
9 19 20 15 12 1 8  freq  0.0555
9 19 20 15 12 1  freq  0.0606
9 19 20 15 12 8  freq  0.059
9 19 20 15 12  freq  0.0656
9 19 20 15 1 8  freq  0.0598
9 19 20 15 1  freq  0.0695
9 19 20 15 14  freq  0.0586
9 19 20 15 8  freq  0.066
9 19 20 15  freq  0.0781
9 19 20 11 10 12 1  freq  0.0551
9 19 20 11 10 12 8  freq  0.0571
9 19 20 11 10 12  freq  0.0602
9 19 20 11 10 1 8  freq  0.0567
9 19 20 11 10 1  freq  0.0617
9 19 20 11 10 14  freq  0.0571
9 19 20 11 10 8  freq  0.0637
9 19 20 11 10  freq  0.0695
9 19 20 11 12 1 8  freq  0.0559
9 19 20 11 12 1  freq  0.059
9 19 20 11 12 14  freq  0.0551
9 19 20 11 12 8  freq  0.061
9 19 20 11 12  freq  0.0645
9 19 20 11 1 8  freq  0.0606
9 19 20 11 1  freq  0.0668
9 19 20 11 14 8  freq  0.0575
9 19 20 11 14  freq  0.0602
9 19 20 11 8  freq  0.0683
9 19 20 11  freq  0.0757
9 19 20 10 12 1 8  freq  0.0606
9 19 20 10 12 1  freq  0.0656
9 19 20 10 12 14 8  freq  0.0551
9 19 20 10 12 14  freq  0.0579
9 19 20 10 12 8  freq  0.0656
9 19 20 10 12  freq  0.073
9 19 20 10 1 14  freq  0.0567
9 19 20 10 1 8  freq  0.0672
9 19 20 10 1  freq  0.0781
9 19 20 10 14 8  freq  0.0594
9 19 20 10 14  freq  0.0656
9 19 20 10 8  freq  0.0757
9 19 20 10  freq  0.0932
9 19 20 12 1 14  freq  0.0548
9 19 20 12 1 8  freq  0.0649
9 19 20 12 1  freq  0.0711
9 19 20 12 14 8  freq  0.0579
9 19 20 12 14  freq  0.0606
9 19 20 12 8  freq  0.0711
9 19 20 12  freq  0.0804
9 19 20 1 14 8  freq  0.0563
9 19 20 1 14  freq  0.0606
9 19 20 1 8  freq  0.0718
9 19 20 1  freq  0.0862
9 19 20 14 8  freq  0.0629
9 19 20 14  freq  0.0703
9 19 20 8  freq  0.0819
9 19 20  freq  0.1087
9 19 15 11 10 12 1  freq  0.0555
9 19 15 11 10 12 8  freq  0.0559
9 19 15 11 10 12  freq  0.059
9 19 15 11 10 1 8  freq  0.0555
9 19 15 11 10 1  freq  0.0606
9 19 15 11 10 14  freq  0.0567
9 19 15 11 10 8  freq  0.0602
9 19 15 11 10  freq  0.066
9 19 15 11 12 1 8  freq  0.0559
9 19 15 11 12 1  freq  0.059
9 19 15 11 12 14  freq  0.0555
9 19 15 11 12 8  freq  0.059
9 19 15 11 12  freq  0.0625
9 19 15 11 1 8  freq  0.0586
9 19 15 11 1  freq  0.0645
9 19 15 11 14 8  freq  0.0567
9 19 15 11 14  freq  0.0594
9 19 15 11 8  freq  0.0637
9 19 15 11  freq  0.0703
9 19 15 10 12 1 8  freq  0.0594
9 19 15 10 12 1  freq  0.0637
9 19 15 10 12 14 8  freq  0.0548
9 19 15 10 12 14  freq  0.0571
9 19 15 10 12 8  freq  0.0629
9 19 15 10 12  freq  0.068
9 19 15 10 1 14 8  freq  0.0548
9 19 15 10 1 14  freq  0.0579
9 19 15 10 1 8  freq  0.0652
9 19 15 10 1  freq  0.0738
9 19 15 10 14 8  freq  0.0586
9 19 15 10 14  freq  0.0629
9 19 15 10 8  freq  0.0715
9 19 15 10  freq  0.0819
9 19 15 12 1 14  freq  0.0559
9 19 15 12 1 8  freq  0.0637
9 19 15 12 1  freq  0.0691
9 19 15 12 14 8  freq  0.0575
9 19 15 12 14  freq  0.0598
9 19 15 12 8  freq  0.0672
9 19 15 12  freq  0.0742
9 19 15 1 14 8  freq  0.0575
9 19 15 1 14  freq  0.0617
9 19 15 1 8  freq  0.0695
9 19 15 1  freq  0.0816
9 19 15 14 8  freq  0.0617
9 19 15 14  freq  0.0676
9 19 15 8  freq  0.0761
9 19 15  freq  0.092
9 19 11 10 12 1 14  freq  0.0548
9 19 11 10 12 1 8  freq  0.0594
9 19 11 10 12 1  freq  0.0621
9 19 11 10 12 14 8  freq  0.0586
9 19 11 10 12 14  freq  0.0602
9 19 11 10 12 8  freq  0.0645
9 19 11 10 12  freq  0.0676
9 19 11 10 1 14 8  freq  0.0555
9 19 11 10 1 14  freq  0.0575
9 19 11 10 1 8  freq  0.0637
9 19 11 10 1  freq  0.0691
9 19 11 10 14 8  freq  0.0617
9 19 11 10 14  freq  0.0645
9 19 11 10 8  freq  0.0711
9 19 11 10  freq  0.0773
9 19 11 12 1 14 8  freq  0.0563
9 19 11 12 1 14  freq  0.0575
9 19 11 12 1 8  freq  0.0633
9 19 11 12 1  freq  0.0664
9 19 11 12 14 8  freq  0.0617
9 19 11 12 14  freq  0.0633
9 19 11 12 8  freq  0.0691
9 19 11 12  freq  0.0726
9 19 11 1 14 8  freq  0.0586
9 19 11 1 14  freq  0.0606
9 19 11 1 8  freq  0.068
9 19 11 1  freq  0.0746
9 19 11 14 8  freq  0.0656
9 19 11 14  freq  0.0683
9 19 11 8  freq  0.0765
9 19 11  freq  0.0847
9 19 10 12 1 14 8  freq  0.0575
9 19 10 12 1 14  freq  0.059
9 19 10 12 1 8  freq  0.0676
9 19 10 12 1  freq  0.073
9 19 10 12 14 8  freq  0.0625
9 19 10 12 14  freq  0.0652
9 19 10 12 8  freq  0.073
9 19 10 12  freq  0.0808
9 19 10 1 14 8  freq  0.061
9 19 10 1 14  freq  0.0645
9 19 10 1 8  freq  0.0757
9 19 10 1  freq  0.0882
9 19 10 14 8  freq  0.0676
9 19 10 14  freq  0.0742
9 19 10 8  freq  0.085
9 19 10  freq  0.106
9 19 12 1 14 8  freq  0.061
9 19 12 1 14  freq  0.0629
9 19 12 1 8  freq  0.073
9 19 12 1  freq  0.0804
9 19 12 14 8  freq  0.0664
9 19 12 14  freq  0.0695
9 19 12 8  freq  0.08
9 19 12  freq  0.0905
9 19 1 14 8  freq  0.0649
9 19 1 14  freq  0.0699
9 19 1 8  freq  0.0816
9 19 1  freq  0.1006
9 19 14 8  freq  0.0726
9 19 14  freq  0.0812
9 19 8  freq  0.0932
9 19  freq  0.1289
9 20 15 11 10 12 1  freq  0.0571
9 20 15 11 10 12 14  freq  0.0559
9 20 15 11 10 12 8  freq  0.0586
9 20 15 11 10 12  freq  0.0617
9 20 15 11 10 1 14  freq  0.0551
9 20 15 11 10 1 8  freq  0.0579
9 20 15 11 10 1  freq  0.0637
9 20 15 11 10 14 8  freq  0.0575
9 20 15 11 10 14  freq  0.061
9 20 15 11 10 8  freq  0.0637
9 20 15 11 10  freq  0.0703
9 20 15 11 12 1 8  freq  0.0571
9 20 15 11 12 1  freq  0.0602
9 20 15 11 12 14 8  freq  0.0563
9 20 15 11 12 14  freq  0.0579
9 20 15 11 12 8  freq  0.0614
9 20 15 11 12  freq  0.0649
9 20 15 11 1 14  freq  0.0571
9 20 15 11 1 8  freq  0.0606
9 20 15 11 1  freq  0.0672
9 20 15 11 14 8  freq  0.0598
9 20 15 11 14  freq  0.0633
9 20 15 11 8  freq  0.0668
9 20 15 11  freq  0.0742
9 20 15 10 12 1 14  freq  0.0555
9 20 15 10 12 1 8  freq  0.0621
9 20 15 10 12 1  freq  0.0664
9 20 15 10 12 14 8  freq  0.0583
9 20 15 10 12 14  freq  0.0606
9 20 15 10 12 8  freq  0.0668
9 20 15 10 12  freq  0.0718
9 20 15 10 1 14 8  freq  0.0571
9 20 15 10 1 14  freq  0.061
9 20 15 10 1 8  freq  0.0672
9 20 15 10 1  freq  0.0757
9 20 15 10 14 8  freq  0.0621
9 20 15 10 14  freq  0.0672
9 20 15 10 8  freq  0.0742
9 20 15 10  freq  0.0839
9 20 15 12 1 14 8  freq  0.0559
9 20 15 12 1 14  freq  0.0575
9 20 15 12 1 8  freq  0.0652
9 20 15 12 1  freq  0.0703
9 20 15 12 14 8  freq  0.0602
9 20 15 12 14  freq  0.0625
9 20 15 12 8  freq  0.0699
9 20 15 12  freq  0.0769
9 20 15 1 14 8  freq  0.059
9 20 15 1 14  freq  0.0637
9 20 15 1 8  freq  0.0711
9 20 15 1  freq  0.0819
9 20 15 14 8  freq  0.0645
9 20 15 14  freq  0.0707
9 20 15 8  freq  0.0784
9 20 15  freq  0.0924
9 20 11 10 12 1 14 8  freq  0.0559
9 20 11 10 12 1 14  freq  0.0571
9 20 11 10 12 1 8  freq  0.0617
9 20 11 10 12 1  freq  0.0649
9 20 11 10 12 14 8  freq  0.0621
9 20 11 10 12 14  freq  0.0637
9 20 11 10 12 8  freq  0.068
9 20 11 10 12  freq  0.0715
9 20 11 10 1 14 8  freq  0.0586
9 20 11 10 1 14  freq  0.0614
9 20 11 10 1 8  freq  0.0668
9 20 11 10 1  freq  0.073
9 20 11 10 14 8  freq  0.0668
9 20 11 10 14  freq  0.0703
9 20 11 10 8  freq  0.0761
9 20 11 10  freq  0.0835
9 20 11 12 1 14 8  freq  0.0583
9 20 11 12 1 14  freq  0.0594
9 20 11 12 1 8  freq  0.0652
9 20 11 12 1  freq  0.0687
9 20 11 12 14 8  freq  0.0645
9 20 11 12 14  freq  0.066
9 20 11 12 8  freq  0.0718
9 20 11 12  freq  0.0757
9 20 11 1 14 8  freq  0.0614
9 20 11 1 14  freq  0.0641
9 20 11 1 8  freq  0.0707
9 20 11 1  freq  0.0781
9 20 11 14 8  freq  0.0699
9 20 11 14  freq  0.0734
9 20 11 8  freq  0.0808
9 20 11  freq  0.0897
9 20 10 12 1 14 8  freq  0.0606
9 20 10 12 1 14  freq  0.0621
9 20 10 12 1 8  freq  0.0711
9 20 10 12 1  freq  0.0765
9 20 10 12 14 8  freq  0.0668
9 20 10 12 14  freq  0.0695
9 20 10 12 8  freq  0.0777
9 20 10 12  freq  0.0854
9 20 10 1 14 8  freq  0.0641
9 20 10 1 14  freq  0.0683
9 20 10 1 8  freq  0.0784
9 20 10 1  freq  0.0909
9 20 10 14 8  freq  0.0726
9 20 10 14  freq  0.0796
9 20 10 8  freq  0.0893
9 20 10  freq  0.1087
9 20 12 1 14 8  freq  0.0633
9 20 12 1 14  freq  0.0649
9 20 12 1 8  freq  0.0753
9 20 12 1  freq  0.0819
9 20 12 14 8  freq  0.0695
9 20 12 14  freq  0.0722
9 20 12 8  freq  0.0831
9 20 12  freq  0.0932
9 20 1 14 8  freq  0.0672
9 20 1 14  freq  0.0726
9 20 1 8  freq  0.0839
9 20 1  freq  0.1006
9 20 14 8  freq  0.0761
9 20 14  freq  0.0847
9 20 8  freq  0.0963
9 20  freq  0.1274
9 15 11 10 12 1 14 8  freq  0.0617
9 15 11 10 12 1 14  freq  0.0629
9 15 11 10 12 1 8  freq  0.066
9 15 11 10 12 1  freq  0.0687
9 15 11 10 12 14 8  freq  0.066
9 15 11 10 12 14  freq  0.0676
9 15 11 10 12 8  freq  0.0703
9 15 11 10 12  freq  0.0734
9 15 11 10 1 14 8  freq  0.0641
9 15 11 10 1 14  freq  0.0668
9 15 11 10 1 8  freq  0.0695
9 15 11 10 1  freq  0.0753
9 15 11 10 14 8  freq  0.0691
9 15 11 10 14  freq  0.0726
9 15 11 10 8  freq  0.0753
9 15 11 10  freq  0.0819
9 15 11 12 1 14 8  freq  0.0649
9 15 11 12 1 14  freq  0.066
9 15 11 12 1 8  freq  0.0699
9 15 11 12 1  freq  0.073
9 15 11 12 14 8  freq  0.0691
9 15 11 12 14  freq  0.0707
9 15 11 12 8  freq  0.0742
9 15 11 12  freq  0.0777
9 15 11 1 14 8  freq  0.0672
9 15 11 1 14  freq  0.0699
9 15 11 1 8  freq  0.0734
9 15 11 1  freq  0.0804
9 15 11 14 8  freq  0.0726
9 15 11 14  freq  0.0761
9 15 11 8  freq  0.0796
9 15 11  freq  0.0874
9 15 10 12 1 14 8  freq  0.0656
9 15 10 12 1 14  freq  0.0676
9 15 10 12 1 8  freq  0.0738
9 15 10 12 1  freq  0.0784
9 15 10 12 14 8  freq  0.0699
9 15 10 12 14  freq  0.0726
9 15 10 12 8  freq  0.0784
9 15 10 12  freq  0.0839
9 15 10 1 14 8  freq  0.0695
9 15 10 1 14  freq  0.0738
9 15 10 1 8  freq  0.0804
9 15 10 1  freq  0.0901
9 15 10 14 8  freq  0.0746
9 15 10 14  freq  0.08
9 15 10 8  freq  0.0878
9 15 10  freq  0.0998
9 15 12 1 14 8  freq  0.0691
9 15 12 1 14  freq  0.0711
9 15 12 1 8  freq  0.0788
9 15 12 1  freq  0.0854
9 15 12 14 8  freq  0.0734
9 15 12 14  freq  0.0761
9 15 12 8  freq  0.0835
9 15 12  freq  0.092
9 15 1 14 8  freq  0.073
9 15 1 14  freq  0.0788
9 15 1 8  freq  0.0862
9 15 1  freq  0.1014
9 15 14 8  freq  0.0784
9 15 14  freq  0.0858
9 15 8  freq  0.094
9 15  freq  0.1142
9 11 10 12 1 14 8  freq  0.068
9 11 10 12 1 14  freq  0.0691
9 11 10 12 1 8  freq  0.0738
9 11 10 12 1  freq  0.0769
9 11 10 12 14 8  freq  0.075
9 11 10 12 14  freq  0.0765
9 11 10 12 8  freq  0.0808
9 11 10 12  freq  0.0843
9 11 10 1 14 8  freq  0.0707
9 11 10 1 14  freq  0.0734
9 11 10 1 8  freq  0.0788
9 11 10 1  freq  0.0854
9 11 10 14 8  freq  0.0796
9 11 10 14  freq  0.0831
9 11 10 8  freq  0.0889
9 11 10  freq  0.0967
9 11 12 1 14 8  freq  0.0715
9 11 12 1 14  freq  0.0726
9 11 12 1 8  freq  0.0784
9 11 12 1  freq  0.0819
9 11 12 14 8  freq  0.0792
9 11 12 14  freq  0.0808
9 11 12 8  freq  0.0866
9 11 12  freq  0.0905
9 11 1 14 8  freq  0.0746
9 11 1 14  freq  0.0773
9 11 1 8  freq  0.0839
9 11 1  freq  0.0924
9 11 14 8  freq  0.0847
9 11 14  freq  0.0882
9 11 8  freq  0.0955
9 11  freq  0.106
9 10 12 1 14 8  freq  0.0726
9 10 12 1 14  freq  0.0746
9 10 12 1 8  freq  0.0831
9 10 12 1  freq  0.0893
9 10 12 14 8  freq  0.0796
9 10 12 14  freq  0.0827
9 10 12 8  freq  0.0905
9 10 12  freq  0.0994
9 10 1 14 8  freq  0.0769
9 10 1 14  freq  0.0816
9 10 1 8  freq  0.092
9 10 1  freq  0.1064
9 10 14 8  freq  0.0862
9 10 14  freq  0.094
9 10 8  freq  0.1041
9 10  freq  0.1289
9 12 1 14 8  freq  0.0769
9 12 1 14  freq  0.0792
9 12 1 8  freq  0.0893
9 12 1  freq  0.0983
9 12 14 8  freq  0.0847
9 12 14  freq  0.0882
9 12 8  freq  0.0986
9 12  freq  0.1115
9 1 14 8  freq  0.0816
9 1 14  freq  0.0885
9 1 8  freq  0.0998
9 1  freq  0.1235
9 14 8  freq  0.0924
9 14  freq  0.1029
9 8  freq  0.115
9  freq  0.16
3 19 20 15 11  freq  0.0555
3 19 20 15 10 1  freq  0.0548
3 19 20 15 10  freq  0.0598
3 19 20 15 12  freq  0.0571
3 19 20 15 1  freq  0.0579
3 19 20 15 8  freq  0.0555
3 19 20 15  freq  0.0633
3 19 20 11 10 12 8  freq  0.0563
3 19 20 11 10 12  freq  0.0579
3 19 20 11 10 1 8  freq  0.0551
3 19 20 11 10 1  freq  0.0575
3 19 20 11 10 14  freq  0.0559
3 19 20 11 10 8  freq  0.0614
3 19 20 11 10  freq  0.0645
3 19 20 11 12 1 8  freq  0.0548
3 19 20 11 12 1  freq  0.0563
3 19 20 11 12 14 8  freq  0.0551
3 19 20 11 12 14  freq  0.0559
3 19 20 11 12 8  freq  0.0606
3 19 20 11 12  freq  0.0625
3 19 20 11 1 8  freq  0.059
3 19 20 11 1  freq  0.0617
3 19 20 11 14 8  freq  0.0579
3 19 20 11 14  freq  0.0598
3 19 20 11 8  freq  0.066
3 19 20 11  freq  0.0695
3 19 20 10 12 1 8  freq  0.0555
3 19 20 10 12 1  freq  0.0579
3 19 20 10 12 14  freq  0.0555
3 19 20 10 12 8  freq  0.0606
3 19 20 10 12  freq  0.0645
3 19 20 10 1 8  freq  0.0594
3 19 20 10 1  freq  0.0652
3 19 20 10 14 8  freq  0.0567
3 19 20 10 14  freq  0.061
3 19 20 10 8  freq  0.066
3 19 20 10  freq  0.0753
3 19 20 12 1 8  freq  0.059
3 19 20 12 1  freq  0.0617
3 19 20 12 14 8  freq  0.0579
3 19 20 12 14  freq  0.0594
3 19 20 12 8  freq  0.0652
3 19 20 12  freq  0.0699
3 19 20 1 14 8  freq  0.0548
3 19 20 1 14  freq  0.0579
3 19 20 1 8  freq  0.0633
3 19 20 1  freq  0.0695
3 19 20 14 8  freq  0.061
3 19 20 14  freq  0.0652
3 19 20 8  freq  0.0711
3 19 20  freq  0.0816
3 19 15 11 10 12  freq  0.0551
3 19 15 11 10 1  freq  0.0551
3 19 15 11 10 8  freq  0.0555
3 19 15 11 10  freq  0.0586
3 19 15 11 12 1  freq  0.0555
3 19 15 11 12 8  freq  0.0567
3 19 15 11 12  freq  0.0586
3 19 15 11 1 8  freq  0.0555
3 19 15 11 1  freq  0.0586
3 19 15 11 14  freq  0.0567
3 19 15 11 8  freq  0.0586
3 19 15 11  freq  0.0621
3 19 15 10 12 1  freq  0.0559
3 19 15 10 12 8  freq  0.0567
3 19 15 10 12  freq  0.0598
3 19 15 10 1 8  freq  0.0559
3 19 15 10 1  freq  0.0617
3 19 15 10 14  freq  0.0575
3 19 15 10 8  freq  0.059
3 19 15 10  freq  0.0668
3 19 15 12 1 8  freq  0.0575
3 19 15 12 1  freq  0.0602
3 19 15 12 14 8  freq  0.0555
3 19 15 12 14  freq  0.0575
3 19 15 12 8  freq  0.0606
3 19 15 12  freq  0.0645
3 19 15 1 14  freq  0.0575
3 19 15 1 8  freq  0.0598
3 19 15 1  freq  0.066
3 19 15 14 8  freq  0.0571
3 19 15 14  freq  0.0614
3 19 15 8  freq  0.0633
3 19 15  freq  0.0718
3 19 11 10 12 1 8  freq  0.0571
3 19 11 10 12 1  freq  0.0586
3 19 11 10 12 14 8  freq  0.0579
3 19 11 10 12 14  freq  0.059
3 19 11 10 12 8  freq  0.0625
3 19 11 10 12  freq  0.0645
3 19 11 10 1 14 8  freq  0.0548
3 19 11 10 1 14  freq  0.0567
3 19 11 10 1 8  freq  0.061
3 19 11 10 1  freq  0.0641
3 19 11 10 14 8  freq  0.0602
3 19 11 10 14  freq  0.0625
3 19 11 10 8  freq  0.0676
3 19 11 10  freq  0.0715
3 19 11 12 1 14 8  freq  0.0563
3 19 11 12 1 14  freq  0.0575
3 19 11 12 1 8  freq  0.061
3 19 11 12 1  freq  0.0629
3 19 11 12 14 8  freq  0.0617
3 19 11 12 14  freq  0.0629
3 19 11 12 8  freq  0.0672
3 19 11 12  freq  0.0695
3 19 11 1 14 8  freq  0.0586
3 19 11 1 14  freq  0.0606
3 19 11 1 8  freq  0.0652
3 19 11 1  freq  0.0687
3 19 11 14 8  freq  0.0645
3 19 11 14  freq  0.0668
3 19 11 8  freq  0.0726
3 19 11  freq  0.0769
3 19 10 12 1 14 8  freq  0.0555
3 19 10 12 1 14  freq  0.0571
3 19 10 12 1 8  freq  0.0617
3 19 10 12 1  freq  0.0649
3 19 10 12 14 8  freq  0.0606
3 19 10 12 14  freq  0.0625
3 19 10 12 8  freq  0.0672
3 19 10 12  freq  0.0718
3 19 10 1 14 8  freq  0.0579
3 19 10 1 14  freq  0.0614
3 19 10 1 8  freq  0.0664
3 19 10 1  freq  0.0738
3 19 10 14 8  freq  0.0637
3 19 10 14  freq  0.0691
3 19 10 8  freq  0.0734
3 19 10  freq  0.0854
3 19 12 1 14 8  freq  0.0598
3 19 12 1 14  freq  0.0614
3 19 12 1 8  freq  0.0668
3 19 12 1  freq  0.0703
3 19 12 14 8  freq  0.0656
3 19 12 14  freq  0.0676
3 19 12 8  freq  0.0734
3 19 12  freq  0.0792
3 19 1 14 8  freq  0.0625
3 19 1 14  freq  0.066
3 19 1 8  freq  0.0718
3 19 1  freq  0.0796
3 19 14 8  freq  0.0691
3 19 14  freq  0.0746
3 19 8  freq  0.0804
3 19  freq  0.094
3 20 15 11 10 12 1 14 8  freq  0.0586
3 20 15 11 10 12 1 14  freq  0.0594
3 20 15 11 10 12 1 8  freq  0.0621
3 20 15 11 10 12 1  freq  0.0633
3 20 15 11 10 12 14 8  freq  0.0629
3 20 15 11 10 12 14  freq  0.0637
3 20 15 11 10 12 8  freq  0.0668
3 20 15 11 10 12  freq  0.068
3 20 15 11 10 1 14 8  freq  0.0606
3 20 15 11 10 1 14  freq  0.0625
3 20 15 11 10 1 8  freq  0.0652
3 20 15 11 10 1  freq  0.068
3 20 15 11 10 14 8  freq  0.0649
3 20 15 11 10 14  freq  0.0672
3 20 15 11 10 8  freq  0.0699
3 20 15 11 10  freq  0.073
3 20 15 11 12 1 14 8  freq  0.0614
3 20 15 11 12 1 14  freq  0.0621
3 20 15 11 12 1 8  freq  0.0649
3 20 15 11 12 1  freq  0.0664
3 20 15 11 12 14 8  freq  0.0656
3 20 15 11 12 14  freq  0.0664
3 20 15 11 12 8  freq  0.0695
3 20 15 11 12  freq  0.0711
3 20 15 11 1 14 8  freq  0.0633
3 20 15 11 1 14  freq  0.0652
3 20 15 11 1 8  freq  0.068
3 20 15 11 1  freq  0.0711
3 20 15 11 14 8  freq  0.0676
3 20 15 11 14  freq  0.0699
3 20 15 11 8  freq  0.0726
3 20 15 11  freq  0.0761
3 20 15 10 12 1 14 8  freq  0.0614
3 20 15 10 12 1 14  freq  0.0625
3 20 15 10 12 1 8  freq  0.0668
3 20 15 10 12 1  freq  0.0687
3 20 15 10 12 14 8  freq  0.0656
3 20 15 10 12 14  freq  0.0672
3 20 15 10 12 8  freq  0.0715
3 20 15 10 12  freq  0.0742
3 20 15 10 1 14 8  freq  0.0633
3 20 15 10 1 14  freq  0.0664
3 20 15 10 1 8  freq  0.0699
3 20 15 10 1  freq  0.0753
3 20 15 10 14 8  freq  0.0676
3 20 15 10 14  freq  0.0718
3 20 15 10 8  freq  0.0746
3 20 15 10  freq  0.0819
3 20 15 12 1 14 8  freq  0.0641
3 20 15 12 1 14  freq  0.0652
3 20 15 12 1 8  freq  0.0695
3 20 15 12 1  freq  0.0718
3 20 15 12 14 8  freq  0.0683
3 20 15 12 14  freq  0.0699
3 20 15 12 8  freq  0.0742
3 20 15 12  freq  0.0777
3 20 15 1 14 8  freq  0.066
3 20 15 1 14  freq  0.0691
3 20 15 1 8  freq  0.073
3 20 15 1  freq  0.0792
3 20 15 14 8  freq  0.0703
3 20 15 14  freq  0.0746
3 20 15 8  freq  0.0777
3 20 15  freq  0.0862
3 20 11 10 12 1 14 8  freq  0.0649
3 20 11 10 12 1 14  freq  0.0656
3 20 11 10 12 1 8  freq  0.0695
3 20 11 10 12 1  freq  0.0707
3 20 11 10 12 14 8  freq  0.0715
3 20 11 10 12 14  freq  0.0722
3 20 11 10 12 8  freq  0.0765
3 20 11 10 12  freq  0.0781
3 20 11 10 1 14 8  freq  0.0676
3 20 11 10 1 14  freq  0.0699
3 20 11 10 1 8  freq  0.0746
3 20 11 10 1  freq  0.0777
3 20 11 10 14 8  freq  0.0746
3 20 11 10 14  freq  0.0773
3 20 11 10 8  freq  0.0827
3 20 11 10  freq  0.0866
3 20 11 12 1 14 8  freq  0.0683
3 20 11 12 1 14  freq  0.0691
3 20 11 12 1 8  freq  0.0734
3 20 11 12 1  freq  0.075
3 20 11 12 14 8  freq  0.0753
3 20 11 12 14  freq  0.0761
3 20 11 12 8  freq  0.0812
3 20 11 12  freq  0.0831
3 20 11 1 14 8  freq  0.0715
3 20 11 1 14  freq  0.0738
3 20 11 1 8  freq  0.0788
3 20 11 1  freq  0.0823
3 20 11 14 8  freq  0.0788
3 20 11 14  freq  0.0816
3 20 11 8  freq  0.0878
3 20 11  freq  0.092
3 20 10 12 1 14 8  freq  0.0683
3 20 10 12 1 14  freq  0.0695
3 20 10 12 1 8  freq  0.0753
3 20 10 12 1  freq  0.0777
3 20 10 12 14 8  freq  0.075
3 20 10 12 14  freq  0.0765
3 20 10 12 8  freq  0.0823
3 20 10 12  freq  0.0862
3 20 10 1 14 8  freq  0.0711
3 20 10 1 14  freq  0.075
3 20 10 1 8  freq  0.0804
3 20 10 1  freq  0.087
3 20 10 14 8  freq  0.0784
3 20 10 14  freq  0.0835
3 20 10 8  freq  0.0889
3 20 10  freq  0.099
3 20 12 1 14 8  freq  0.0722
3 20 12 1 14  freq  0.0734
3 20 12 1 8  freq  0.0796
3 20 12 1  freq  0.0823
3 20 12 14 8  freq  0.08
3 20 12 14  freq  0.0816
3 20 12 8  freq  0.0882
3 20 12  freq  0.0936
3 20 1 14 8  freq  0.0753
3 20 1 14  freq  0.0792
3 20 1 8  freq  0.0854
3 20 1  freq  0.0928
3 20 14 8  freq  0.0839
3 20 14  freq  0.0889
3 20 8  freq  0.0955
3 20  freq  0.108
3 15 11 10 12 1 14 8  freq  0.0917
3 15 11 10 12 1 14  freq  0.094
3 15 11 10 12 1 8  freq  0.0955
3 15 11 10 12 1  freq  0.0983
3 15 11 10 12 14 8  freq  0.0979
3 15 11 10 12 14  freq  0.1002
3 15 11 10 12 8  freq  0.1021
3 15 11 10 12  freq  0.1049
3 15 11 10 1 14 8  freq  0.0944
3 15 11 10 1 14  freq  0.0979
3 15 11 10 1 8  freq  0.0994
3 15 11 10 1  freq  0.1037
3 15 11 10 14 8  freq  0.1006
3 15 11 10 14  freq  0.1045
3 15 11 10 8  freq  0.106
3 15 11 10  freq  0.1107
3 15 11 12 1 14 8  freq  0.0959
3 15 11 12 1 14  freq  0.0983
3 15 11 12 1 8  freq  0.0998
3 15 11 12 1  freq  0.1029
3 15 11 12 14 8  freq  0.1021
3 15 11 12 14  freq  0.1045
3 15 11 12 8  freq  0.1064
3 15 11 12  freq  0.1095
3 15 11 1 14 8  freq  0.0986
3 15 11 1 14  freq  0.1021
3 15 11 1 8  freq  0.1037
3 15 11 1  freq  0.1083
3 15 11 14 8  freq  0.1049
3 15 11 14  freq  0.1087
3 15 11 8  freq  0.1103
3 15 11  freq  0.1153
3 15 10 12 1 14 8  freq  0.0971
3 15 10 12 1 14  freq  0.1002
3 15 10 12 1 8  freq  0.1029
3 15 10 12 1  freq  0.1068
3 15 10 12 14 8  freq  0.1033
3 15 10 12 14  freq  0.1068
3 15 10 12 8  freq  0.1095
3 15 10 12  freq  0.1142
3 15 10 1 14 8  freq  0.1006
3 15 10 1 14  freq  0.1056
3 15 10 1 8  freq  0.1076
3 15 10 1  freq  0.1157
3 15 10 14 8  freq  0.1068
3 15 10 14  freq  0.113
3 15 10 8  freq  0.1142
3 15 10  freq  0.1243
3 15 12 1 14 8  freq  0.1025
3 15 12 1 14  freq  0.106
3 15 12 1 8  freq  0.1083
3 15 12 1  freq  0.113
3 15 12 14 8  freq  0.1087
3 15 12 14  freq  0.1126
3 15 12 8  freq  0.115
3 15 12  freq  0.1208
3 15 1 14 8  freq  0.106
3 15 1 14  freq  0.1115
3 15 1 8  freq  0.1134
3 15 1  freq  0.1227
3 15 14 8  freq  0.1122
3 15 14  freq  0.1188
3 15 8  freq  0.1204
3 15  freq  0.132
3 11 10 12 1 14 8  freq  0.1006
3 11 10 12 1 14  freq  0.1029
3 11 10 12 1 8  freq  0.106
3 11 10 12 1  freq  0.1087
3 11 10 12 14 8  freq  0.1099
3 11 10 12 14  freq  0.1122
3 11 10 12 8  freq  0.1157
3 11 10 12  freq  0.1188
3 11 10 1 14 8  freq  0.1045
3 11 10 1 14  freq  0.1087
3 11 10 1 8  freq  0.1122
3 11 10 1  freq  0.1177
3 11 10 14 8  freq  0.1142
3 11 10 14  freq  0.1188
3 11 10 8  freq  0.1231
3 11 10  freq  0.1293
3 11 12 1 14 8  freq  0.1072
3 11 12 1 14  freq  0.1095
3 11 12 1 8  freq  0.113
3 11 12 1  freq  0.1161
3 11 12 14 8  freq  0.1177
3 11 12 14  freq  0.12
3 11 12 8  freq  0.1243
3 11 12  freq  0.1278
3 11 1 14 8  freq  0.1118
3 11 1 14  freq  0.1161
3 11 1 8  freq  0.1204
3 11 1  freq  0.1262
3 11 14 8  freq  0.1231
3 11 14  freq  0.1278
3 11 8  freq  0.1332
3 11  freq  0.1398
3 10 12 1 14 8  freq  0.1087
3 10 12 1 14  freq  0.1118
3 10 12 1 8  freq  0.1165
3 10 12 1  freq  0.1212
3 10 12 14 8  freq  0.1181
3 10 12 14  freq  0.1216
3 10 12 8  freq  0.1262
3 10 12  freq  0.1324
3 10 1 14 8  freq  0.1134
3 10 1 14  freq  0.1196
3 10 1 8  freq  0.1243
3 10 1  freq  0.1348
3 10 14 8  freq  0.1235
3 10 14  freq  0.1317
3 10 8  freq  0.1355
3 10  freq  0.1511
3 12 1 14 8  freq  0.1173
3 12 1 14  freq  0.1208
3 12 1 8  freq  0.1258
3 12 1  freq  0.1313
3 12 14 8  freq  0.1285
3 12 14  freq  0.1324
3 12 8  freq  0.1379
3 12  freq  0.1464
3 1 14 8  freq  0.1227
3 1 14  freq  0.1297
3 1 8  freq  0.1351
3 1  freq  0.1472
3 14 8  freq  0.1351
3 14  freq  0.1441
3 8  freq  0.1495
3  freq  0.1693
19 20 15 11 10 12 1  freq  0.0555
19 20 15 11 10 12 8  freq  0.0571
19 20 15 11 10 12  freq  0.061
19 20 15 11 10 1 8  freq  0.0551
19 20 15 11 10 1  freq  0.0625
19 20 15 11 10 14  freq  0.0586
19 20 15 11 10 8  freq  0.0617
19 20 15 11 10  freq  0.0711
19 20 15 11 12 1 8  freq  0.0571
19 20 15 11 12 1  freq  0.0617
19 20 15 11 12 14 8  freq  0.0551
19 20 15 11 12 14  freq  0.0575
19 20 15 11 12 8  freq  0.0621
19 20 15 11 12  freq  0.0676
19 20 15 11 1 14  freq  0.0567
19 20 15 11 1 8  freq  0.0598
19 20 15 11 1  freq  0.0695
19 20 15 11 14 8  freq  0.0583
19 20 15 11 14  freq  0.0633
19 20 15 11 8  freq  0.0672
19 20 15 11  freq  0.0796
19 20 15 10 12 1 14  freq  0.0555
19 20 15 10 12 1 8  freq  0.0641
19 20 15 10 12 1  freq  0.0718
19 20 15 10 12 14 8  freq  0.0567
19 20 15 10 12 14  freq  0.0614
19 20 15 10 12 8  freq  0.0703
19 20 15 10 12  freq  0.0808
19 20 15 10 1 14 8  freq  0.0555
19 20 15 10 1 14  freq  0.0637
19 20 15 10 1 8  freq  0.0699
19 20 15 10 1  freq  0.087
19 20 15 10 14 8  freq  0.0614
19 20 15 10 14  freq  0.073
19 20 15 10 8  freq  0.0804
19 20 15 10  freq  0.1052
19 20 15 12 1 14 8  freq  0.0559
19 20 15 12 1 14  freq  0.0594
19 20 15 12 1 8  freq  0.0691
19 20 15 12 1  freq  0.0796
19 20 15 12 14 8  freq  0.0606
19 20 15 12 14  freq  0.0656
19 20 15 12 8  freq  0.0757
19 20 15 12  freq  0.0897
19 20 15 1 14 8  freq  0.059
19 20 15 1 14  freq  0.0683
19 20 15 1 8  freq  0.0753
19 20 15 1  freq  0.0979
19 20 15 14 8  freq  0.0656
19 20 15 14  freq  0.0796
19 20 15 8  freq  0.087
19 20 15  freq  0.1216
19 20 11 10 12 1 14  freq  0.0563
19 20 11 10 12 1 8  freq  0.0614
19 20 11 10 12 1  freq  0.0649
19 20 11 10 12 14 8  freq  0.061
19 20 11 10 12 14  freq  0.0641
19 20 11 10 12 8  freq  0.0687
19 20 11 10 12  freq  0.0742
19 20 11 10 1 14 8  freq  0.0571
19 20 11 10 1 14  freq  0.0617
19 20 11 10 1 8  freq  0.0664
19 20 11 10 1  freq  0.0757
19 20 11 10 14 8  freq  0.0652
19 20 11 10 14  freq  0.0718
19 20 11 10 8  freq  0.0769
19 20 11 10  freq  0.0909
19 20 11 12 1 14 8  freq  0.0594
19 20 11 12 1 14  freq  0.0617
19 20 11 12 1 8  freq  0.0683
19 20 11 12 1  freq  0.0738
19 20 11 12 14 8  freq  0.0676
19 20 11 12 14  freq  0.0711
19 20 11 12 8  freq  0.0777
19 20 11 12  freq  0.085
19 20 11 1 14 8  freq  0.0625
19 20 11 1 14  freq  0.0676
19 20 11 1 8  freq  0.0738
19 20 11 1  freq  0.0866
19 20 11 14 8  freq  0.073
19 20 11 14  freq  0.0804
19 20 11 8  freq  0.087
19 20 11  freq  0.1076
19 20 10 12 1 14 8  freq  0.0614
19 20 10 12 1 14  freq  0.0649
19 20 10 12 1 8  freq  0.0765
19 20 10 12 1  freq  0.0878
19 20 10 12 14 8  freq  0.0683
19 20 10 12 14  freq  0.075
19 20 10 12 8  freq  0.0854
19 20 10 12  freq  0.1045
19 20 10 1 14 8  freq  0.0664
19 20 10 1 14  freq  0.0773
19 20 10 1 8  freq  0.0862
19 20 10 1  freq  0.1146
19 20 10 14 8  freq  0.0761
19 20 10 14  freq  0.0948
19 20 10 8  freq  0.1021
19 20 10  freq  0.1565
19 20 12 1 14 8  freq  0.068
19 20 12 1 14  freq  0.0718
19 20 12 1 8  freq  0.0854
19 20 12 1  freq  0.1002
19 20 12 14 8  freq  0.0788
19 20 12 14  freq  0.0862
19 20 12 8  freq  0.0994
19 20 12  freq  0.125
19 20 1 14 8  freq  0.0734
19 20 1 14  freq  0.0858
19 20 1 8  freq  0.0963
19 20 1  freq  0.1348
19 20 14 8  freq  0.0882
19 20 14  freq  0.1115
19 20 8  freq  0.1196
19 20  freq  0.2058
19 15 11 10 12 1 14 8  freq  0.0555
19 15 11 10 12 1 14  freq  0.0575
19 15 11 10 12 1 8  freq  0.0606
19 15 11 10 12 1  freq  0.0641
19 15 11 10 12 14 8  freq  0.0594
19 15 11 10 12 14  freq  0.0617
19 15 11 10 12 8  freq  0.0652
19 15 11 10 12  freq  0.0695
19 15 11 10 1 14 8  freq  0.0571
19 15 11 10 1 14  freq  0.0617
19 15 11 10 1 8  freq  0.0633
19 15 11 10 1  freq  0.0715
19 15 11 10 14 8  freq  0.0621
19 15 11 10 14  freq  0.0676
19 15 11 10 8  freq  0.0699
19 15 11 10  freq  0.08
19 15 11 12 1 14 8  freq  0.0594
19 15 11 12 1 14  freq  0.0617
19 15 11 12 1 8  freq  0.0656
19 15 11 12 1  freq  0.0707
19 15 11 12 14 8  freq  0.0637
19 15 11 12 14  freq  0.0664
19 15 11 12 8  freq  0.0711
19 15 11 12  freq  0.0769
19 15 11 1 14 8  freq  0.061
19 15 11 1 14  freq  0.066
19 15 11 1 8  freq  0.0683
19 15 11 1  freq  0.0788
19 15 11 14 8  freq  0.0668
19 15 11 14  freq  0.0726
19 15 11 8  freq  0.0761
19 15 11  freq  0.0905
19 15 10 12 1 14 8  freq  0.0606
19 15 10 12 1 14  freq  0.0641
19 15 10 12 1 8  freq  0.0726
19 15 10 12 1  freq  0.0808
19 15 10 12 14 8  freq  0.0649
19 15 10 12 14  freq  0.0699
19 15 10 12 8  freq  0.0788
19 15 10 12  freq  0.0897
19 15 10 1 14 8  freq  0.0645
19 15 10 1 14  freq  0.0734
19 15 10 1 8  freq  0.0808
19 15 10 1  freq  0.0994
19 15 10 14 8  freq  0.0703
19 15 10 14  freq  0.0831
19 15 10 8  freq  0.092
19 15 10  freq  0.12
19 15 12 1 14 8  freq  0.0652
19 15 12 1 14  freq  0.0691
19 15 12 1 8  freq  0.0796
19 15 12 1  freq  0.0909
19 15 12 14 8  freq  0.0699
19 15 12 14  freq  0.0753
19 15 12 8  freq  0.0866
19 15 12  freq  0.1017
19 15 1 14 8  freq  0.0695
19 15 1 14  freq  0.08
19 15 1 8  freq  0.0885
19 15 1  freq  0.1157
19 15 14 8  freq  0.0761
19 15 14  freq  0.092
19 15 8  freq  0.1017
19 15  freq  0.146
19 11 10 12 1 14 8  freq  0.0629
19 11 10 12 1 14  freq  0.0652
19 11 10 12 1 8  freq  0.0707
19 11 10 12 1  freq  0.0746
19 11 10 12 14 8  freq  0.0699
19 11 10 12 14  freq  0.0734
19 11 10 12 8  freq  0.0784
19 11 10 12  freq  0.0843
19 11 10 1 14 8  freq  0.0656
19 11 10 1 14  freq  0.0718
19 11 10 1 8  freq  0.0757
19 11 10 1  freq  0.0878
19 11 10 14 8  freq  0.0742
19 11 10 14  freq  0.0823
19 11 10 8  freq  0.0866
19 11 10  freq  0.1049
19 11 12 1 14 8  freq  0.0683
19 11 12 1 14  freq  0.0711
19 11 12 1 8  freq  0.0781
19 11 12 1  freq  0.0839
19 11 12 14 8  freq  0.0773
19 11 12 14  freq  0.0816
19 11 12 8  freq  0.0885
19 11 12  freq  0.0967
19 11 1 14 8  freq  0.0715
19 11 1 14  freq  0.0781
19 11 1 8  freq  0.0835
19 11 1  freq  0.099
19 11 14 8  freq  0.0827
19 11 14  freq  0.092
19 11 8  freq  0.0979
19 11  freq  0.1262
19 10 12 1 14 8  freq  0.0703
19 10 12 1 14  freq  0.0742
19 10 12 1 8  freq  0.0866
19 10 12 1  freq  0.0994
19 10 12 14 8  freq  0.0777
19 10 12 14  freq  0.085
19 10 12 8  freq  0.0959
19 10 12  freq  0.1173
19 10 1 14 8  freq  0.0761
19 10 1 14  freq  0.0897
19 10 1 8  freq  0.099
19 10 1  freq  0.1348
19 10 14 8  freq  0.0862
19 10 14  freq  0.1115
19 10 8  freq  0.1169
19 10  freq  0.1934
19 12 1 14 8  freq  0.0781
19 12 1 14  freq  0.0827
19 12 1 8  freq  0.0979
19 12 1  freq  0.115
19 12 14 8  freq  0.0901
19 12 14  freq  0.099
19 12 8  freq  0.1134
19 12  freq  0.1437
19 1 14 8  freq  0.085
19 1 14  freq  0.1014
19 1 8  freq  0.1122
19 1  freq  0.1643
19 14 8  freq  0.1017
19 14  freq  0.1348
19 8  freq  0.1398
19  freq  0.2761
20 15 11 10 12 1 14 8  freq  0.0652
20 15 11 10 12 1 14  freq  0.0672
20 15 11 10 12 1 8  freq  0.0707
20 15 11 10 12 1  freq  0.0742
20 15 11 10 12 14 8  freq  0.0707
20 15 11 10 12 14  freq  0.073
20 15 11 10 12 8  freq  0.0769
20 15 11 10 12  freq  0.0812
20 15 11 10 1 14 8  freq  0.0691
20 15 11 10 1 14  freq  0.075
20 15 11 10 1 8  freq  0.0761
20 15 11 10 1  freq  0.0854
20 15 11 10 14 8  freq  0.0757
20 15 11 10 14  freq  0.0827
20 15 11 10 8  freq  0.0843
20 15 11 10  freq  0.0959
20 15 11 12 1 14 8  freq  0.0687
20 15 11 12 1 14  freq  0.0711
20 15 11 12 1 8  freq  0.0757
20 15 11 12 1  freq  0.0808
20 15 11 12 14 8  freq  0.0746
20 15 11 12 14  freq  0.0773
20 15 11 12 8  freq  0.0823
20 15 11 12  freq  0.0882
20 15 11 1 14 8  freq  0.0726
20 15 11 1 14  freq  0.0788
20 15 11 1 8  freq  0.0812
20 15 11 1  freq  0.0928
20 15 11 14 8  freq  0.08
20 15 11 14  freq  0.0874
20 15 11 8  freq  0.0901
20 15 11  freq  0.1052
20 15 10 12 1 14 8  freq  0.0718
20 15 10 12 1 14  freq  0.0753
20 15 10 12 1 8  freq  0.0843
20 15 10 12 1  freq  0.0924
20 15 10 12 14 8  freq  0.0781
20 15 10 12 14  freq  0.0831
20 15 10 12 8  freq  0.0924
20 15 10 12  freq  0.1033
20 15 10 1 14 8  freq  0.0773
20 15 10 1 14  freq  0.0874
20 15 10 1 8  freq  0.0936
20 15 10 1  freq  0.1126
20 15 10 14 8  freq  0.085
20 15 10 14  freq  0.099
20 15 10 8  freq  0.1064
20 15 10  freq  0.134
20 15 12 1 14 8  freq  0.0753
20 15 12 1 14  freq  0.0792
20 15 12 1 8  freq  0.0897
20 15 12 1  freq  0.1006
20 15 12 14 8  freq  0.0819
20 15 12 14  freq  0.0878
20 15 12 8  freq  0.0983
20 15 12  freq  0.1134
20 15 1 14 8  freq  0.0808
20 15 1 14  freq  0.092
20 15 1 8  freq  0.1006
20 15 1  freq  0.1266
20 15 14 8  freq  0.0893
20 15 14  freq  0.106
20 15 8  freq  0.1146
20 15  freq  0.1557
20 11 10 12 1 14 8  freq  0.0753
20 11 10 12 1 14  freq  0.0781
20 11 10 12 1 8  freq  0.0827
20 11 10 12 1  freq  0.0874
20 11 10 12 14 8  freq  0.0843
20 11 10 12 14  freq  0.0882
20 11 10 12 8  freq  0.0924
20 11 10 12  freq  0.099
20 11 10 1 14 8  freq  0.0808
20 11 10 1 14  freq  0.0882
20 11 10 1 8  freq  0.0909
20 11 10 1  freq  0.1037
20 11 10 14 8  freq  0.0924
20 11 10 14  freq  0.1021
20 11 10 8  freq  0.1049
20 11 10  freq  0.1235
20 11 12 1 14 8  freq  0.0808
20 11 12 1 14  freq  0.0839
20 11 12 1 8  freq  0.0905
20 11 12 1  freq  0.0971
20 11 12 14 8  freq  0.0951
20 11 12 14  freq  0.0994
20 11 12 8  freq  0.106
20 11 12  freq  0.115
20 11 1 14 8  freq  0.087
20 11 1 14  freq  0.0948
20 11 1 8  freq  0.0994
20 11 1  freq  0.1157
20 11 14 8  freq  0.1052
20 11 14  freq  0.1157
20 11 8  freq  0.1204
20 11  freq  0.1468
20 10 12 1 14 8  freq  0.0843
20 10 12 1 14  freq  0.0885
20 10 12 1 8  freq  0.1002
20 10 12 1  freq  0.113
20 10 12 14 8  freq  0.094
20 10 12 14  freq  0.1014
20 10 12 8  freq  0.1118
20 10 12  freq  0.1328
20 10 1 14 8  freq  0.092
20 10 1 14  freq  0.1068
20 10 1 8  freq  0.1142
20 10 1  freq  0.1487
20 10 14 8  freq  0.106
20 10 14  freq  0.1289
20 10 8  freq  0.1351
20 10  freq  0.2004
20 12 1 14 8  freq  0.0917
20 12 1 14  freq  0.0963
20 12 1 8  freq  0.1103
20 12 1  freq  0.1266
20 12 14 8  freq  0.1115
20 12 14  freq  0.12
20 12 8  freq  0.1336
20 12  freq  0.1635
20 1 14 8  freq  0.1002
20 1 14  freq  0.1169
20 1 8  freq  0.127
20 1  freq  0.1755
20 14 8  freq  0.1262
20 14  freq  0.155
20 8  freq  0.1631
20  freq  0.2792
15 11 10 12 1 14 8  freq  0.1099
15 11 10 12 1 14  freq  0.1138
15 11 10 12 1 8  freq  0.1161
15 11 10 12 1  freq  0.1216
15 11 10 12 14 8  freq  0.1177
15 11 10 12 14  freq  0.1219
15 11 10 12 8  freq  0.1247
15 11 10 12  freq  0.1309
15 11 10 1 14 8  freq  0.1153
15 11 10 1 14  freq  0.1243
15 11 10 1 8  freq  0.1231
15 11 10 1  freq  0.1355
15 11 10 14 8  freq  0.1243
15 11 10 14  freq  0.1344
15 11 10 8  freq  0.1336
15 11 10  freq  0.1487
15 11 12 1 14 8  freq  0.1173
15 11 12 1 14  freq  0.1219
15 11 12 1 8  freq  0.125
15 11 12 1  freq  0.1324
15 11 12 14 8  freq  0.1254
15 11 12 14  freq  0.1305
15 11 12 8  freq  0.1344
15 11 12  freq  0.1425
15 11 1 14 8  freq  0.1227
15 11 1 14  freq  0.1324
15 11 1 8  freq  0.132
15 11 1  freq  0.1476
15 11 14 8  freq  0.1324
15 11 14  freq  0.1437
15 11 8  freq  0.1437
15 11  freq  0.165
15 10 12 1 14 8  freq  0.1258
15 10 12 1 14  freq  0.1328
15 10 12 1 8  freq  0.1394
15 10 12 1  freq  0.1515
15 10 12 14 8  freq  0.1344
15 10 12 14  freq  0.1429
15 10 12 8  freq  0.1499
15 10 12  freq  0.165
15 10 1 14 8  freq  0.134
15 10 1 14  freq  0.1495
15 10 1 8  freq  0.1538
15 10 1  freq  0.1806
15 10 14 8  freq  0.1441
15 10 14  freq  0.1643
15 10 8  freq  0.1697
15 10  freq  0.2089
15 12 1 14 8  freq  0.1348
15 12 1 14  freq  0.1437
15 12 1 8  freq  0.1511
15 12 1  freq  0.1685
15 12 14 8  freq  0.1437
15 12 14  freq  0.1546
15 12 8  freq  0.1623
15 12  freq  0.1849
15 1 14 8  freq  0.1437
15 1 14  freq  0.1635
15 1 8  freq  0.1682
15 1  freq  0.212
15 14 8  freq  0.1546
15 14  freq  0.1825
15 8  freq  0.1868
15  freq  0.2633
11 10 12 1 14 8  freq  0.1289
11 10 12 1 14  freq  0.134
11 10 12 1 8  freq  0.1383
11 10 12 1  freq  0.1452
11 10 12 14 8  freq  0.1414
11 10 12 14  freq  0.1476
11 10 12 8  freq  0.1515
11 10 12  freq  0.1604
11 10 1 14 8  freq  0.1375
11 10 1 14  freq  0.1499
11 10 1 8  freq  0.1495
11 10 1  freq  0.1689
11 10 14 8  freq  0.1526
11 10 14  freq  0.1674
11 10 8  freq  0.167
11 10  freq  0.195
11 12 1 14 8  freq  0.1499
11 12 1 14  freq  0.1561
11 12 1 8  freq  0.1616
11 12 1  freq  0.1713
11 12 14 8  freq  0.2027
11 12 14  freq  0.2117
11 12 8  freq  0.2163
11 12  freq  0.2299
11 1 14 8  freq  0.1604
11 1 14  freq  0.1744
11 1 8  freq  0.1755
11 1  freq  0.2008
11 14 8  freq  0.2346
11 14  freq  0.2536
11 8  freq  0.2559
11  freq  0.3029
10 12 1 14 8  freq  0.1534
10 12 1 14  freq  0.1619
10 12 1 8  freq  0.1724
10 12 1  freq  0.1911
10 12 14 8  freq  0.1674
10 12 14  freq  0.1794
10 12 8  freq  0.1891
10 12  freq  0.2175
10 1 14 8  freq  0.1658
10 1 14  freq  0.1907
10 1 8  freq  0.195
10 1  freq  0.2501
10 14 8  freq  0.1845
10 14  freq  0.2229
10 8  freq  0.2229
10  freq  0.3417
12 1 14 8  freq  0.1915
12 1 14  freq  0.2047
12 1 8  freq  0.2159
12 1  freq  0.2439
12 14 8  freq  0.2691
12 14  freq  0.292
12 8  freq  0.301
12  freq  0.355
1 14 8  freq  0.2171
1 14  freq  0.2555
1 8  freq  0.2598
1  freq  0.3573
14 8  freq  0.3522
14  freq  0.435
8  freq  0.4381