0.0009
6  freq  0.0579
7 12 14 8  freq  0.0594
7 1 14 8  freq  0.0548
22 19  freq  0.0629
22 20  freq  0.0583
18 4  freq  0.0567
18 2 19 20 10  freq  0.0602
18 2 1  freq  0.0571
18 9 19  freq  0.0563
18 19 20 1  freq  0.0551
18 19 15  freq  0.0567
18 12  freq  0.0548
4 2 19 20 10  freq  0.0551
4 2 1  freq  0.0579
4 9  freq  0.0602
4 19 20 1  freq  0.0594
4 19 15  freq  0.0606
4 19 10 1  freq  0.0598
4 20 15  freq  0.061
4 20 10 1  freq  0.059
4 15 10  freq  0.0579
4 15 1  freq  0.0598
4 11  freq  0.0555
4 12  freq  0.0594
4 14  freq  0.0617
4 8  freq  0.0575
5 0 23 11 12 14 8  freq  0.0583
5 3 15  freq  0.0551
5 3 11 12 14 8  freq  0.0559
5 3 11 1 14 8  freq  0.0548
5 3 10  freq  0.0555
5 3 12 1 14 8  freq  0.0559
5 15 11 10 12 14  freq  0.0551
5 15 11 10 12 8  freq  0.0551
5 15 11 10 1 14 8  freq  0.0548
5 15 11 12 1 14 8  freq  0.0571
5 15 10 12 1 14 8  freq  0.0548
5 11 10 12 1 14 8  freq  0.0602
0 23 1 14  freq  0.0555
0 15 11  freq  0.0548
0 15 10 14  freq  0.0555
0 15 1  freq  0.0567
0 11 10 12  freq  0.0555
0 11 10 1 14  freq  0.0551
0 11 10 14 8  freq  0.0555
0 11 12 1 14  freq  0.0551
0 11 12 1 8  freq  0.0548
0 11 1 14 8  freq  0.0559
0 10 12 1  freq  0.0551
0 10 12 14 8  freq  0.0551
0 10 1 14 8  freq  0.0548
0 12 1 14 8  freq  0.0606
23 3 15 11 10  freq  0.0555
23 3 15 11 14  freq  0.0548
23 3 15 10 12 14  freq  0.0548
23 3 15 10 1 14  freq  0.0551
23 3 15 10 14 8  freq  0.0555
23 3 11 10 12 14  freq  0.0548
23 3 11 10 1  freq  0.0559
23 3 11 10 14 8  freq  0.0559
23 3 11 12 14 8  freq  0.0548
23 3 11 1 14  freq  0.0559
23 3 11 1 8  freq  0.0551
23 3 10 12 1 14  freq  0.0551
23 3 10 12 14 8  freq  0.0571
23 3 10 1 14 8  freq  0.0563
23 3 12 1 14 8  freq  0.0548
23 20  freq  0.0548
23 15 11 10 12 1 14 8  freq  0.0548
2 9 19 20  freq  0.0652
2 9 19 10  freq  0.0567
2 9 20 10  freq  0.0548
2 9 1  freq  0.0563
2 19 20 15 10  freq  0.0606
2 19 20 10 12  freq  0.0555
2 19 20 10 1  freq  0.0621
2 19 20 8  freq  0.0602
2 19 15 1  freq  0.059
2 19 10 8  freq  0.0548
2 19 14  freq  0.0567
2 20 15 1  freq  0.0563
2 20 14  freq  0.0548
2 11  freq  0.0575
2 12 1  freq  0.0567
9 3 19 20 11 10  freq  0.0548
9 3 19 20 11 8  freq  0.0551
9 3 19 20 10 8  freq  0.0551
9 3 19 20 12  freq  0.0555
9 3 19 20 1  freq  0.0555
9 3 19 15 10  freq  0.0551
9 3 19 11 10 12  freq  0.0555
9 3 19 11 10 1  freq  0.0548
9 3 19 11 10 8  freq  0.0583
9 3 19 11 12 8  freq  0.0567
9 3 19 11 1 8  freq  0.0555
9 3 19 11 14 8  freq  0.0548
9 3 19 10 12 8  freq  0.0567
9 3 19 10 1 8  freq  0.0559
9 3 19 10 14  freq  0.0567
9 3 19 12 1 8  freq  0.0548
9 3 19 12 14  freq  0.0555
9 3 20 15 11 10  freq  0.0563
9 3 20 15 11 8  freq  0.0555
9 3 20 15 10 12  freq  0.0559
9 3 20 15 10 1  freq  0.0559
9 3 20 15 10 8  freq  0.0567
9 3 20 15 12 8  freq  0.0555
9 3 20 15 1 8  freq  0.0548
9 3 20 15 14  freq  0.0555
9 3 20 11 10 12 1  freq  0.0548
9 3 20 11 10 12 14 8  freq  0.0559
9 3 20 11 10 1 8  freq  0.0571
9 3 20 11 12 1 8  freq  0.0551
9 3 20 10 12 1 8  freq  0.0567
9 3 20 10 1 14  freq  0.0555
9 3 20 1 14 8  freq  0.0551
9 3 15 11 10 12 1 14 8  freq  0.0548
9 19 20 15 11 10  freq  0.059
9 19 20 15 11 12  freq  0.0551
9 19 20 15 11 1  freq  0.0571
9 19 20 15 11 8  freq  0.0563
9 19 20 15 10 12 1  freq  0.0567
9 19 20 15 10 12 8  freq  0.0559
9 19 20 15 10 1 8  freq  0.0567
9 19 20 15 10 14  freq  0.0551
9 19 20 15 12 1 8  freq  0.0555
9 19 20 11 10 12 1  freq  0.0551
9 19 20 11 10 12 8  freq  0.0571
9 19 20 11 10 1 8  freq  0.0567
9 19 20 11 10 14  freq  0.0571
9 19 20 11 12 1 8  freq  0.0559
9 19 20 11 12 14  freq  0.0551
9 19 20 11 14 8  freq  0.0575
9 19 20 10 12 1 8  freq  0.0606
9 19 20 10 12 14 8  freq  0.0551
9 19 20 10 1 14  freq  0.0567
9 19 20 12 1 14  freq  0.0548
9 19 20 1 14 8  freq  0.0563
9 19 15 11 10 12 1  freq  0.0555
9 19 15 11 10 12 8  freq  0.0559
9 19 15 11 10 1 8  freq  0.0555
9 19 15 11 10 14  freq  0.0567
9 19 15 11 12 1 8  freq  0.0559
9 19 15 11 12 14  freq  0.0555
9 19 15 11 14 8  freq  0.0567
9 19 15 10 12 1 8  freq  0.0594
9 19 15 10 12 14 8  freq  0.0548
9 19 15 10 1 14 8  freq  0.0548
9 19 15 12 1 14  freq  0.0559
9 19 11 10 12 1 14  freq  0.0548
9 19 11 10 12 1 8  freq  0.0594
9 19 11 10 12 14 8  freq  0.0586
9 19 11 10 1 14 8  freq  0.0555
9 19 11 12 1 14 8  freq  0.0563
9 19 10 12 1 14 8  freq  0.0575
9 20 15 11 10 12 1  freq  0.0571
9 20 15 11 10 12 14  freq  0.0559
9 20 15 11 10 12 8  freq  0.0586
9 20 15 11 10 1 14  freq  0.0551
9 20 15 11 10 1 8  freq  0.0579
9 20 15 11 10 14 8  freq  0.0575
9 20 15 11 12 1 8  freq  0.0571
9 20 15 11 12 14 8  freq  0.0563
9 20 15 10 12 1 14  freq  0.0555
9 20 15 10 12 1 8  freq  0.0621
9 20 15 10 12 14 8  freq  0.0583
9 20 15 10 1 14 8  freq  0.0571
9 20 15 12 1 14 8  freq  0.0559
9 20 11 10 12 1 14 8  freq  0.0559
3 19 20 15 11  freq  0.0555
3 19 20 15 10 1  freq  0.0548
3 19 20 15 12  freq  0.0571
3 19 20 15 8  freq  0.0555
3 19 20 11 10 12 8  freq  0.0563
3 19 20 11 10 1 8  freq  0.0551
3 19 20 11 10 14  freq  0.0559
3 19 20 11 12 1 8  freq  0.0548
3 19 20 11 12 14 8  freq  0.0551
3 19 20 10 12 1 8  freq  0.0555
3 19 20 10 12 14  freq  0.0555
3 19 20 10 14 8  freq  0.0567
3 19 20 1 14 8  freq  0.0548
3 19 15 11 10 12  freq  0.0551
3 19 15 11 10 1  freq  0.0551
3 19 15 11 10 8  freq  0.0555
3 19 15 11 12 1  freq  0.0555
3 19 15 11 12 8  freq  0.0567
3 19 15 11 1 8  freq  0.0555
3 19 15 11 14  freq  0.0567
3 19 15 10 12 1  freq  0.0559
3 19 15 10 12 8  freq  0.0567
3 19 15 10 1 8  freq  0.0559
3 19 15 10 14  freq  0.0575
3 19 15 12 1 8  freq  0.0575
3 19 15 12 14 8  freq  0.0555
3 19 15 1 14  freq  0.0575
3 19 11 10 12 1 8  freq  0.0571
3 19 11 10 12 14 8  freq  0.0579
3 19 11 10 1 14 8  freq  0.0548
3 19 11 12 1 14 8  freq  0.0563
3 19 10 12 1 14 8  freq  0.0555
3 20 15 11 10 12 1 14 8  freq  0.0586
19 20 15 11 10 12 1  freq  0.0555
19 20 15 11 10 12 8  freq  0.0571
19 20 15 11 10 1 8  freq  0.0551
19 20 15 11 10 14  freq  0.0586
19 20 15 11 12 1 8  freq  0.0571
19 20 15 11 12 14 8  freq  0.0551
19 20 15 11 1 14  freq  0.0567
19 20 15 10 12 1 14  freq  0.0555
19 20 15 10 12 1 8  freq  0.0641
19 20 15 10 12 14 8  freq  0.0567
19 20 15 10 1 14 8  freq  0.0555
19 20 15 12 1 14 8  freq  0.0559
19 20 11 10 12 1 14  freq  0.0563
19 20 11 10 12 1 8  freq  0.0614
19 20 11 10 12 14 8  freq  0.061
19 20 11 10 1 14 8  freq  0.0571
19 20 11 12 1 14 8  freq  0.0594
19 20 10 12 1 14 8  freq  0.0614
19 15 11 10 12 1 14 8  freq  0.0555