0.0019
13 4  freq  0.0109
13 2 19  freq  0.0113
13 2 20  freq  0.0101
13 2 1  freq  0.0101
13 9 20  freq  0.0101
13 19 20 10  freq  0.0101
13 19 20 1  freq  0.0101
13 20 15  freq  0.0105
13 15 1  freq  0.0105
17 6 4 19  freq  0.0101
17 6 2  freq  0.0101
17 18 4 2 19  freq  0.0101
17 18 4 19 20  freq  0.0105
17 18 10  freq  0.0101
17 4 2 19 20  freq  0.012
17 4 2 19 10  freq  0.0101
17 4 9  freq  0.0105
17 4 19 20 10  freq  0.0101
17 2 9  freq  0.0105
17 9 19 20  freq  0.0105
17 19 1  freq  0.0105
21 6 18 19 2  freq  0.0101
21 6 2 19 20  freq  0.0124
21 6 2 10  freq  0.0101
21 22 18  freq  0.0101
21 22 2 19 20  freq  0.0105
21 22 2 19 10  freq  0.0101
21 22 19 20 10  freq  0.0105
21 22 19 1  freq  0.0105
21 18 4 2 19 20 10  freq  0.0105
21 18 4 2 19 1  freq  0.0101
21 18 2 9 19  freq  0.0105
21 18 2 19 20 10 12  freq  0.0113
21 18 2 19 20 10 1  freq  0.0101
21 18 2 19 15  freq  0.0109
21 18 9 19 20  freq  0.0105
21 18 9 10  freq  0.0101
21 18 19 20 15  freq  0.0101
21 18 19 15 10  freq  0.0101
21 18 15 1  freq  0.0101
21 4 2 9  freq  0.0101
21 4 2 19 20 12  freq  0.0101
21 4 2 19 20 1  freq  0.0105
21 4 2 19 15  freq  0.0101
21 4 2 19 10 12  freq  0.0101
21 4 2 19 10 1  freq  0.0113
21 2 9 19 20 10  freq  0.0105
21 2 19 20 15 10  freq  0.0109
21 2 19 20 12 1  freq  0.0101
21 2 19 15 1  freq  0.0109
21 2 19 10 12 1  freq  0.0105
21 2 19 8  freq  0.0113
21 2 20 8  freq  0.0101
21 19 20 10 12 1  freq  0.0101
21 19 20 8  freq  0.0101
21 19 15 10 1  freq  0.0101
21 10 8  freq  0.0101
6 22 18 2 9 19  freq  0.0101
6 22 18 2 20 15 19  freq  0.0105
6 22 18 2 20 10 19  freq  0.0109
6 22 18 2 20 1 19  freq  0.0117
6 22 18 2 15 10 19  freq  0.0105
6 22 18 2 15 1 19  freq  0.0105
6 22 18 2 10 1 19  freq  0.0113
6 22 18 8 19  freq  0.0101
6 22 4 2 20 19  freq  0.0105
6 22 4 2 15 19  freq  0.0101
6 22 4 2 1 19  freq  0.0109
6 22 2 9 20 19  freq  0.0109
6 22 2 9 1 19  freq  0.0109
6 22 2 19 20 15 10  freq  0.0117
6 22 2 19 20 15 1  freq  0.0109
6 22 2 19 20 10 1  freq  0.0117
6 22 2 19 20 12  freq  0.0105
6 22 2 19 15 10 1  freq  0.0101
6 22 2 19 12 1  freq  0.0101
6 22 2 19 8  freq  0.0105
6 22 9 20 1 19  freq  0.0101
6 22 19 15 8  freq  0.0101
6 22 19 11  freq  0.0113
6 22 19 10 8  freq  0.0101
6 18 4 2 9 19 20  freq  0.0113
6 18 4 2 9 19 10  freq  0.0101
6 18 4 2 19 20 15 10  freq  0.0101
6 18 4 2 19 20 11  freq  0.0101
6 18 4 2 19 20 12  freq  0.0101
6 18 4 2 19 20 1  freq  0.0128
6 18 4 2 19 15 1  freq  0.0113
6 18 4 2 19 10 1  freq  0.0113
6 18 4 2 19 8  freq  0.0105
6 18 4 2 20 10 1  freq  0.0105
6 18 2 9 19 20 15 10  freq  0.0101
6 18 2 9 19 20 11 10  freq  0.0101
6 18 2 9 19 20 10 1  freq  0.0105
6 18 2 9 19 20 10 8  freq  0.0101
6 18 2 9 19 15 1  freq  0.0101
6 18 2 19 20 15 11  freq  0.0117
6 18 2 19 20 15 10 1  freq  0.0105
6 18 2 19 20 15 10 8  freq  0.0101
6 18 2 19 20 11 1  freq  0.0105
6 18 2 19 20 10 12 1  freq  0.0109
6 18 2 19 20 1 8  freq  0.0105
6 18 2 19 15 12  freq  0.0101
6 18 2 19 10 1 8  freq  0.0101
6 18 2 19 12 8  freq  0.0101
6 18 19 11 8  freq  0.0101
6 4 2 9 19 20 10  freq  0.0109
6 4 2 9 19 20 1  freq  0.0101
6 4 2 9 19 15  freq  0.0101
6 4 2 19 20 15 11  freq  0.0101
6 4 2 19 20 15 1  freq  0.0117
6 4 2 19 20 10 12  freq  0.0101
6 4 2 19 20 10 1  freq  0.0124
6 4 2 19 20 12 1  freq  0.0105
6 4 2 19 20 8  freq  0.0101
6 4 2 19 15 10 1  freq  0.0101
6 4 2 11 10  freq  0.0105
6 4 2 11 1  freq  0.0101
6 4 19 11 10  freq  0.0105
6 4 19 11 1  freq  0.0101
6 4 19 14  freq  0.0101
6 4 20 11 10  freq  0.0105
6 4 20 11 1  freq  0.0101
6 2 9 19 20 15 11  freq  0.0109
6 2 9 19 20 15 1  freq  0.0105
6 2 9 19 20 11 1  freq  0.0105
6 2 9 19 20 12  freq  0.0105
6 2 19 20 15 11 10  freq  0.0109
6 2 19 20 15 11 1  freq  0.0105
6 2 19 20 15 10 12  freq  0.0101
6 2 19 20 15 12 1  freq  0.0105
6 2 19 20 12 8  freq  0.0101
6 2 19 20 14  freq  0.0117
6 2 19 11 10 1  freq  0.0101
6 2 20 11 10 1  freq  0.0101
6 9 19 15 8  freq  0.0101
6 9 19 12 1  freq  0.0101
6 9 10 12  freq  0.0101
6 3 19  freq  0.0101
6 19 20 11 10 1  freq  0.0105
6 19 20 11 8  freq  0.0101
6 19 20 10 1 8  freq  0.0101
6 19 20 10 14  freq  0.0113
6 19 15 1 8  freq  0.0101
6 19 11 12  freq  0.0105
7 5 0 23 11 12 8 14  freq  0.0144
7 5 0 23 12 1 8 14  freq  0.012
7 5 0 3 11 8 14  freq  0.0101
7 5 0 3 12 8 14  freq  0.0105
7 5 0 3 1 8 14  freq  0.0101
7 5 0 15 11 8 14  freq  0.0101
7 5 0 15 10 12 1 8 14  freq  0.0101
7 5 0 11 12 1 8 14  freq  0.0109
7 5 23 3 15 11 10 12 1 8 14  freq  0.0101
7 0 23 3 12 14  freq  0.0101
7 0 23 3 8 14  freq  0.0101
7 0 23 15 10 14  freq  0.0101
7 0 23 15 12 14  freq  0.0101
7 0 23 15 1 14  freq  0.0101
7 0 23 15 8 14  freq  0.0101
7 0 23 11 12 1 8 14  freq  0.0101
7 0 3 15 11 14  freq  0.0101
7 0 3 15 10 12 14  freq  0.0101
7 0 3 15 10 1 14  freq  0.0101
7 0 3 15 10 8 14  freq  0.0101
7 0 3 15 12 1 14  freq  0.0101
7 0 3 15 12 8 14  freq  0.0101
7 0 3 15 1 8 14  freq  0.0101
7 0 3 11 12 1 14  freq  0.0101
7 0 3 11 12 8 14  freq  0.0105
7 0 3 11 1 8 14  freq  0.0101
7 0 3 12 1 8 14  freq  0.0105
7 0 15 11 10 12 1 8 14  freq  0.0101
7 9 15 8 1  freq  0.0105
7 9 11 1 8 14  freq  0.0101
7 9 10 1 8  freq  0.0105
7 19 15 1  freq  0.0105
7 19 10 1  freq  0.0101
7 20 15 11 1  freq  0.0101
7 20 15 10 8 1  freq  0.0105
7 20 11 10 14 1  freq  0.0105
7 20 11 10 8 1  freq  0.0101
7 20 10 12 1  freq  0.0101
22 18 4 2 9 19 20 1  freq  0.0105
22 18 4 2 9 19 15  freq  0.0101
22 18 4 2 9 15 1  freq  0.0101
22 18 4 2 19 20 15 10  freq  0.0113
22 18 4 2 19 20 15 12 8  freq  0.0101
22 18 4 2 19 20 15 1  freq  0.0117
22 18 4 2 19 20 11  freq  0.0101
22 18 4 2 19 20 10 12  freq  0.0101
22 18 4 2 19 20 10 1  freq  0.0113
22 18 4 2 19 20 10 8  freq  0.0109
22 18 4 2 19 20 12 1 8  freq  0.0101
22 18 4 2 19 15 10 1  freq  0.0105
22 18 4 2 19 15 10 8  freq  0.0105
22 18 4 2 19 15 12 1  freq  0.0101
22 18 4 2 19 15 1 8  freq  0.0105
22 18 4 2 19 10 1 8  freq  0.0101
22 18 2 9 19 20 15 11  freq  0.0101
22 18 2 9 19 20 15 10 12  freq  0.0101
22 18 2 9 19 20 15 10 1 8  freq  0.0105
22 18 2 9 19 20 15 12 1 8  freq  0.0105
22 18 2 9 19 20 11 1  freq  0.0105
22 18 2 9 19 20 10 12 1  freq  0.0105
22 18 2 9 19 20 10 12 8  freq  0.0101
22 18 2 19 20 15 11 1  freq  0.0101
22 18 2 19 20 15 10 12 1 8  freq  0.0105
22 18 2 19 20 11 10  freq  0.0109
22 18 2 19 20 11 8  freq  0.0105
22 18 2 19 20 14  freq  0.0109
22 18 9 19 20 15 11 1  freq  0.0101
22 18 9 19 20 15 10 12 1  freq  0.0105
22 18 9 19 20 15 10 12 8  freq  0.0101
22 18 9 19 20 11 10  freq  0.0109
22 18 9 19 20 11 8  freq  0.0101
22 18 9 19 20 10 12 1 8  freq  0.0101
22 18 19 20 15 11 10  freq  0.0105
22 18 19 20 11 10 1  freq  0.0101
22 18 19 20 11 12  freq  0.0101
22 18 19 20 14 8  freq  0.0105
22 18 19 10 14  freq  0.0101
22 18 19 1 14  freq  0.0101
22 4 2 9 19 20 15 11  freq  0.0101
22 4 2 9 19 20 15 12 1  freq  0.0101
22 4 2 9 19 20 11 1  freq  0.0101
22 4 2 9 19 20 10 1  freq  0.0101
22 4 2 9 19 20 8  freq  0.0101
22 4 2 9 19 12 8  freq  0.0101
22 4 2 9 19 1 8  freq  0.0101
22 4 2 19 20 15 11 1  freq  0.0101
22 4 2 19 20 15 10 12 1  freq  0.0105
22 4 2 19 20 15 10 12 8  freq  0.0101
22 4 2 19 20 15 12 1 8  freq  0.0105
22 4 2 19 20 11 12  freq  0.0101
22 4 2 19 20 10 12 1 8  freq  0.0105
22 4 2 19 20 1 14  freq  0.0101
22 4 2 19 15 10 1 8  freq  0.0101
22 4 2 19 11 10  freq  0.0101
22 4 2 19 12 14  freq  0.0101
22 4 9 19 20 15 11 1  freq  0.0105
22 4 9 19 20 15 10 1  freq  0.0101
22 4 9 19 20 15 12 8  freq  0.0101
22 4 9 19 20 10 12  freq  0.0101
22 4 9 19 20 12 1 8  freq  0.0105
22 4 9 19 15 1 8  freq  0.0101
22 4 9 19 11 12  freq  0.0101
22 4 9 19 10 8  freq  0.0101
22 4 19 20 15 11 12  freq  0.0105
22 4 19 20 15 10 12 1 8  freq  0.0101
22 4 19 20 15 14  freq  0.0101
22 4 19 20 11 10  freq  0.0105
22 4 19 20 11 12 1  freq  0.0105
22 4 19 20 10 12 14  freq  0.0101
22 4 19 20 10 1 14  freq  0.0101
22 4 19 20 12 1 14  freq  0.0109
22 4 19 20 12 14 8  freq  0.0101
22 4 19 20 1 14 8  freq  0.0101
22 4 19 11 10 1  freq  0.0105
22 4 19 11 12 8  freq  0.0105
22 4 19 10 12 1 14  freq  0.0101
22 4 19 12 1 14 8  freq  0.0101
22 4 20 10 12 1 14  freq  0.0101
22 2 9 19 20 15 11 10  freq  0.0101
22 2 9 19 20 15 11 12  freq  0.0101
22 2 9 19 20 15 11 1  freq  0.0117
22 2 9 19 20 15 11 8  freq  0.0101
22 2 9 19 20 15 10 12 1 8  freq  0.0105
22 2 9 19 20 11 10 1  freq  0.0105
22 2 9 19 20 11 12 1  freq  0.0105
22 2 9 19 20 11 1 8  freq  0.0113
22 2 9 19 20 12 14  freq  0.0101
22 2 9 19 20 1 14  freq  0.0105
22 2 9 19 20 14 8  freq  0.0105
22 2 9 19 11 12 8  freq  0.0101
22 2 9 19 12 14 8  freq  0.0101
22 2 3 19  freq  0.0101
22 2 19 20 15 11 10 1  freq  0.0101
22 2 19 20 15 11 12 1  freq  0.0105
22 2 19 20 15 10 1 14  freq  0.0101
22 2 19 20 15 12 14  freq  0.0101
22 2 19 20 11 10 8  freq  0.0101
22 2 19 20 11 12 1 8  freq  0.0101
22 2 19 20 10 12 1 14  freq  0.0101
22 2 19 20 10 14 8  freq  0.0101
22 2 19 20 12 1 14 8  freq  0.0113
22 2 19 11 14  freq  0.0101
22 9 19 20 15 11 10 1  freq  0.0113
22 9 19 20 15 11 12 1  freq  0.0109
22 9 19 20 15 11 12 8  freq  0.0101
22 9 19 20 15 11 1 8  freq  0.0101
22 9 19 20 15 10 14 8  freq  0.0101
22 9 19 20 15 12 14 8  freq  0.0101
22 9 19 20 15 1 14  freq  0.0105
22 9 19 20 11 10 12 1  freq  0.0105
22 9 19 20 11 10 12 8  freq  0.0101
22 9 19 20 11 10 1 8  freq  0.0109
22 9 19 20 11 12 1 8  freq  0.0113
22 9 19 20 11 14  freq  0.0101
22 9 19 20 10 12 1 14  freq  0.0101
22 9 19 20 10 12 14 8  freq  0.0105
22 9 19 20 10 1 14 8  freq  0.0101
22 9 19 20 12 1 14 8  freq  0.0113
22 9 19 11 14 8  freq  0.0101
22 3 19 20  freq  0.0105
22 3 19 10  freq  0.0105
22 3 19 1  freq  0.0101
22 3 20 1  freq  0.0101
22 19 20 15 11 10 12  freq  0.0105
22 19 20 15 11 10 8  freq  0.0105
22 19 20 15 11 12 1 8  freq  0.0101
22 19 20 15 10 12 1 14  freq  0.0105
22 19 20 15 10 12 14 8  freq  0.0101
22 19 20 15 10 1 14 8  freq  0.0101
22 19 20 15 12 1 14 8  freq  0.0101
22 19 20 11 12 14  freq  0.0101
22 19 20 11 1 14  freq  0.0105
22 19 20 11 14 8  freq  0.0105
22 19 20 10 12 1 14 8  freq  0.0113
22 19 11 10 12 1 8  freq  0.0101
22 19 11 10 14  freq  0.0109
22 19 11 12 14 8  freq  0.0105
22 20 11 10 14  freq  0.0101
22 11 10 1 14  freq  0.0101
22 11 12 1 14  freq  0.0105
18 4 2 9 3 20 15 10 19  freq  0.0101
18 4 2 9 3 20 15 12 19  freq  0.0105
18 4 2 9 3 20 15 1 19  freq  0.0101
18 4 2 9 3 20 11 12 19  freq  0.0101
18 4 2 9 3 20 10 12 1 19  freq  0.0105
18 4 2 9 3 20 10 12 8 19  freq  0.0105
18 4 2 9 3 20 12 1 8 19  freq  0.0105
18 4 2 9 3 20 14 19  freq  0.0101
18 4 2 9 19 20 15 11 10 12 1  freq  0.0105
18 4 2 9 19 20 15 11 10 12 14  freq  0.0101
18 4 2 9 19 20 15 11 10 12 8  freq  0.0109
18 4 2 9 19 20 15 11 12 1 14 8  freq  0.0101
18 4 2 9 19 20 15 10 12 1 14  freq  0.0105
18 4 2 9 19 20 15 10 12 1 8  freq  0.012
18 4 2 9 19 20 15 10 12 14 8  freq  0.0109
18 4 2 9 19 20 11 10 12 1 8  freq  0.0105
18 4 2 9 19 20 11 10 12 14 8  freq  0.0105
18 4 2 9 19 20 10 12 1 14 8  freq  0.0105
18 4 2 3 19 20 15 10 12 1  freq  0.0109
18 4 2 3 19 20 15 10 12 8  freq  0.0101
18 4 2 3 19 20 15 12 1 8  freq  0.0105
18 4 2 3 19 20 15 14  freq  0.0101
18 4 2 3 19 20 11 10  freq  0.0101
18 4 2 3 19 20 11 12 8  freq  0.0101
18 4 2 3 19 20 10 12 1 8  freq  0.0113
18 4 2 3 19 20 10 14  freq  0.0105
18 4 2 3 19 20 12 14 8  freq  0.0101
18 4 2 3 19 11 1  freq  0.0101
18 4 2 3 15 10 12 1 8  freq  0.0101
18 4 2 3 10 12 14  freq  0.0101
18 4 2 3 12 1 14  freq  0.0101
18 4 2 19 20 15 11 10 12 1 8  freq  0.0105
18 4 2 19 20 15 11 10 12 14 8  freq  0.0105
18 4 2 19 20 15 11 10 1 14  freq  0.0101
18 4 2 19 20 15 10 12 1 14 8  freq  0.0109
18 4 2 19 20 11 10 12 1 14  freq  0.0105
18 4 2 19 20 11 10 1 14 8  freq  0.0101
18 4 3 19 20 15 10 12 1 8  freq  0.0101
18 4 3 19 20 10 12 14  freq  0.0101
18 4 3 19 20 12 1 14  freq  0.0101
18 4 3 15 10 14  freq  0.0101
18 4 3 15 12 14  freq  0.0101
18 4 3 10 12 14 8  freq  0.0101
18 4 3 12 1 14 8  freq  0.0101
18 2 9 3 20 15 11 10 12 1 14 19 8  freq  0.0105
4 5 9 10 14 11 20  freq  0.0101
4 5 3 10 20  freq  0.0105
4 5 19 1 10 20  freq  0.0101
4 5 20 15 11 10  freq  0.0101
4 5 20 15 1 10  freq  0.0101
4 5 20 11 12 10  freq  0.0101
4 5 20 11 1 14 10  freq  0.0109
4 5 20 11 8 10  freq  0.0101
4 5 15 11 1 10  freq  0.0101
4 5 15 11 14 10  freq  0.0101
4 5 11 12 1 10  freq  0.0101
4 5 11 12 14 10  freq  0.0101
4 5 11 1 8 10  freq  0.0101
4 5 11 14 8 10  freq  0.0101
4 0 23 9 14 10 20  freq  0.0101
4 0 23 3 14 10  freq  0.0101
4 0 23 20 15 14 10 11  freq  0.0101
4 0 23 20 11 1 14 10  freq  0.0101
4 0 23 20 11 8 14 10  freq  0.0101
4 0 23 12 8 14 10  freq  0.0101
4 0 23 1 8 14 10  freq  0.0101
4 0 9 20 11 14 10  freq  0.0105
4 0 9 20 1 14 10  freq  0.0101
4 0 3 20 15 14 10 11  freq  0.0101
4 0 3 1 14 10  freq  0.0105
4 0 3 8 14 10  freq  0.0101
4 0 19 20 15 1  freq  0.0101
4 0 19 20 11 10 1 14  freq  0.0101
4 0 19 12 14  freq  0.0101
4 0 20 15 11 10 1 14  freq  0.0109
4 0 20 15 11 10 8 14  freq  0.0101
4 0 20 11 10 12 14  freq  0.0109
4 0 20 11 10 1 8 14  freq  0.0101
4 0 15 10 12 14  freq  0.0101
4 0 11 10 12 1 14  freq  0.0101
4 0 11 10 12 8 14  freq  0.0101
4 0 10 12 1 8 14  freq  0.0101
4 23 2 19 20 15 14 10  freq  0.0101
4 23 2 19 1 14 10  freq  0.0101
4 23 2 15 1 14 10  freq  0.0101
4 23 2 15 8 10  freq  0.0101
4 23 9 3 19 20 15 11 14 10 1  freq  0.0101
4 23 9 3 19 15 8 14 10 1  freq  0.0101
4 23 9 3 20 15 11 12 1 8 14 10  freq  0.0109
4 23 9 19 20 15 11 12 1 8 10 14  freq  0.0101
4 23 3 19 20 15 11 12 14 10 1  freq  0.0101
4 23 3 19 20 15 11 8 14 10 1  freq  0.0101
4 23 3 19 20 15 12 8 14 10 1  freq  0.0101
4 2 9 3 19 20 15 11 10 12 1 14 8  freq  0.0105
5 0 23 9 3 20 12 1 14 10 11 8 15  freq  0.0109
5 0 3 19 14 8 1 10 11  freq  0.0101
5 0 19 15 8 14 1 10 11  freq  0.0101
5 0 19 12 14 1 10 11 8  freq  0.0101
5 23 19 20 14 1 10  freq  0.0101
5 23 19 15 11 14 1 10  freq  0.0101
5 23 19 11 12 14 1 10 8  freq  0.0101
5 9 3 19 20 15 10 12 14 11 8 1  freq  0.0105
0 23 9 3 19 15 12 10 1 11  freq  0.0101
0 23 9 3 19 15 8 10 1 11  freq  0.0101
0 23 9 3 19 11 12 8 10 1  freq  0.0101
0 23 9 3 19 11 14 10 1  freq  0.0101
0 23 9 19 20 11 12 10 1  freq  0.0101
0 23 9 19 20 11 14 10 1  freq  0.0101
0 23 9 19 20 11 8 10 1  freq  0.0101
0 23 9 19 15 12 8 10 1 11  freq  0.0101
0 23 9 19 15 14 10 1 11  freq  0.0105
0 23 9 19 11 12 14 8 10 1  freq  0.0105
0 23 3 19 20 15 1 10 11  freq  0.0101
0 23 3 19 20 11 12 8 1 10  freq  0.0101
0 23 3 19 20 11 14 1 10  freq  0.0101
0 23 3 19 15 12 14 8 1 10 11  freq  0.0105
0 23 19 20 15 12 8 10 1 11  freq  0.0101
0 23 19 20 15 14 10 1 11  freq  0.0105
0 23 19 20 11 12 14 8 10 1  freq  0.0109
0 9 3 19 20 15 12 10 1 11  freq  0.0101
0 9 3 19 20 15 14 10 1 11  freq  0.0101
0 9 3 19 20 15 8 10 1 11  freq  0.0101
0 9 3 19 20 11 12 8 10 1  freq  0.0101
0 9 3 19 15 12 14 8 10 1 11  freq  0.0109
0 9 19 20 15 12 14 1 10 11  freq  0.0101
0 9 19 20 15 12 8 1 10 11  freq  0.0101
0 9 19 20 15 14 8 1 10 11  freq  0.0101
0 9 19 20 11 12 14 8 1 10  freq  0.0105
0 3 19 20 15 12 14 8 1 10 11  freq  0.0105
23 2 9 3 19 10  freq  0.0101
23 2 9 3 1 10  freq  0.0101
23 2 9 19 20 15 11 8 10  freq  0.0105
23 2 9 19 20 15 1 10  freq  0.0101
23 2 9 19 20 15 14 10  freq  0.0101
23 2 9 19 20 1 8 10  freq  0.0101
23 2 9 19 15 1 8 10  freq  0.0101
23 2 9 19 1 14 10  freq  0.0101
23 2 9 19 14 8 10  freq  0.0101
23 2 9 15 1 14 10  freq  0.0101
23 2 9 15 14 8 10  freq  0.0101
23 2 9 11 10 1 8  freq  0.0101
23 2 9 11 10 14  freq  0.0101
23 2 3 19 20 10  freq  0.0101
23 2 3 19 1 10  freq  0.0105
23 2 3 20 1 10  freq  0.0101
23 2 3 15 14 10 1  freq  0.0101
23 2 3 15 8 10 1  freq  0.0101
23 2 3 11 1 10  freq  0.0101
23 2 3 11 8 10  freq  0.0101
23 2 19 20 15 11 14 10  freq  0.0101
23 2 19 20 15 10 12  freq  0.0101
23 2 19 20 15 10 1 14  freq  0.0109
23 2 19 20 15 10 1 8  freq  0.0101
23 2 19 20 15 10 14 8  freq  0.0101
23 2 19 20 11 1 10 8  freq  0.0101
23 2 19 20 11 14 8 10  freq  0.0101
23 2 19 20 10 12 14  freq  0.0101
23 2 19 15 11 12 10  freq  0.0101
23 2 19 15 11 1 10  freq  0.0101
23 2 19 15 10 12 14  freq  0.0101
23 2 19 15 12 1  freq  0.0101
23 2 20 15 11 12 10  freq  0.0101
23 2 20 15 11 1 10 8  freq  0.0101
23 2 20 15 11 14 8 10  freq  0.0101
23 2 20 15 10 12 14  freq  0.0101
23 2 20 15 12 1  freq  0.0101
23 2 15 11 12 1 10  freq  0.0101
23 2 15 11 12 14 10  freq  0.0105
23 2 15 11 12 8 10  freq  0.0101
23 2 15 11 1 14 10  freq  0.0101
23 2 15 10 12 1 14  freq  0.0105
23 2 15 10 12 1 8  freq  0.0101
23 2 15 10 12 14 8  freq  0.0101
23 2 15 10 1 14 8  freq  0.0109
23 9 3 19 20 15 11 12 1 14 8 10  freq  0.012