0.4254
15 12 17  freq  0.8007
15 12  freq  0.8007
15 17  freq  0.8022
15  freq  0.8023
24 18 12 17  freq  0.803
24 18 12  freq  0.8031
24 18 17  freq  0.8034
24 18  freq  0.8035
24 12 17  freq  0.8047
24 12  freq  0.8047
24 17  freq  0.806
24  freq  0.8061
27 21 17  freq  0.8008
27 21  freq  0.8009
27 16 18 12 17  freq  0.815
27 16 18 12  freq  0.815
27 16 18 17  freq  0.8153
27 16 18  freq  0.8154
27 16 12 17  freq  0.8165
27 16 12  freq  0.8166
27 16 17  freq  0.817
27 16  freq  0.8171
27 18 12 17  freq  0.832
27 18 12  freq  0.8321
27 18 17  freq  0.8324
27 18  freq  0.8325
27 12 17  freq  0.8335
27 12  freq  0.8336
27 17  freq  0.8349
27  freq  0.835
43 31 18 12 17  freq  0.8002
43 31 18 12  freq  0.8003
43 31 18 17  freq  0.8006
43 31 18  freq  0.8006
43 31 12 17  freq  0.8016
43 31 12  freq  0.8017
43 31 17  freq  0.8028
43 31  freq  0.8029
43 16 18 12 17  freq  0.8361
43 16 18 12  freq  0.8362
43 16 18 17  freq  0.8365
43 16 18  freq  0.8366
43 16 12 17  freq  0.8377
43 16 12  freq  0.8378
43 16 17  freq  0.8383
43 16  freq  0.8384
43 18 12 17  freq  0.8534
43 18 12  freq  0.8535
43 18 17  freq  0.8538
43 18  freq  0.8539
43 12 17  freq  0.855
43 12  freq  0.8551
43 17  freq  0.8565
43  freq  0.8566
29 31 16 18 12 17  freq  0.8039
29 31 16 18 12  freq  0.804
29 31 16 18 17  freq  0.8042
29 31 16 18  freq  0.8043
29 31 16 12 17  freq  0.8055
29 31 16 12  freq  0.8056
29 31 16 17  freq  0.806
29 31 16  freq  0.8061
29 31 18 12 17  freq  0.8192
29 31 18 12  freq  0.8193
29 31 18 17  freq  0.8196
29 31 18  freq  0.8197
29 31 12 17  freq  0.8208
29 31 12  freq  0.8209
29 31 17  freq  0.8221
29 31  freq  0.8221
29 16 18 12 17  freq  0.8556
29 16 18 12  freq  0.8557
29 16 18 17  freq  0.856
29 16 18  freq  0.8561
29 16 12 17  freq  0.8575
29 16 12  freq  0.8576
29 16 17  freq  0.8581
29 16  freq  0.8582
29 18 12 17  freq  0.876
29 18 12  freq  0.8761
29 18 17  freq  0.8765
29 18  freq  0.8766
29 12 17  freq  0.8779
29 12  freq  0.878
29 17  freq  0.8794
29  freq  0.8795
21 31 16 18 12 17  freq  0.8174
21 31 16 18 12  freq  0.8174
21 31 16 18 17  freq  0.8177
21 31 16 18  freq  0.8178
21 31 16 12 17  freq  0.8189
21 31 16 12  freq  0.819
21 31 16 17  freq  0.8194
21 31 16  freq  0.8195
21 31 18 12 17  freq  0.8324
21 31 18 12  freq  0.8325
21 31 18 17  freq  0.8328
21 31 18  freq  0.8329
21 31 12 17  freq  0.834
21 31 12  freq  0.834
21 31 17  freq  0.8352
21 31  freq  0.8353
21 16 18 12 17  freq  0.8657
21 16 18 12  freq  0.8658
21 16 18 17  freq  0.8661
21 16 18  freq  0.8662
21 16 12 17  freq  0.8675
21 16 12  freq  0.8676
21 16 17  freq  0.8681
21 16  freq  0.8682
21 18 12 17  freq  0.8857
21 18 12  freq  0.8857
21 18 17  freq  0.8861
21 18  freq  0.8862
21 12 17  freq  0.8875
21 12  freq  0.8876
21 17  freq  0.889
21  freq  0.8891
31 16 18 12 17  freq  0.9154
31 16 18 12  freq  0.9155
31 16 18 17  freq  0.9158
31 16 18  freq  0.9159
31 16 12 17  freq  0.9171
31 16 12  freq  0.9172
31 16 17  freq  0.9177
31 16  freq  0.9178
31 18 12 17  freq  0.9317
31 18 12  freq  0.9317
31 18 17  freq  0.9321
31 18  freq  0.9322
31 12 17  freq  0.9334
31 12  freq  0.9334
31 17  freq  0.9348
31  freq  0.9348
16 18 12 17  freq  0.9744
16 18 12  freq  0.9744
16 18 17  freq  0.9748
16 18  freq  0.9749
16 12 17  freq  0.9763
16 12  freq  0.9764
16 17  freq  0.9771
16  freq  0.9772
18 12 17  freq  0.9962
18 12  freq  0.9963
18 17  freq  0.9967
18  freq  0.9968
12 17  freq  0.9982
12  freq  0.9983
17  freq  0.9999