0.3207
31 16 18 12 17  freq  0.9154
31 16 18 12  freq  0.9155
31 16 18 17  freq  0.9158
31 16 18  freq  0.9159
31 16 12 17  freq  0.9171
31 16 12  freq  0.9172
31 16 17  freq  0.9177
31 16  freq  0.9178
31 18 12 17  freq  0.9317
31 18 12  freq  0.9317
31 18 17  freq  0.9321
31 18  freq  0.9322
31 12 17  freq  0.9334
31 12  freq  0.9334
31 17  freq  0.9348
31  freq  0.9348
16 18 12 17  freq  0.9744
16 18 12  freq  0.9744
16 18 17  freq  0.9748
16 18  freq  0.9749
16 12 17  freq  0.9763
16 12  freq  0.9764
16 17  freq  0.9771
16  freq  0.9772
18 12 17  freq  0.9962
18 12  freq  0.9963
18 17  freq  0.9967
18  freq  0.9968
12 17  freq  0.9982
12  freq  0.9983
17  freq  0.9999