


10
10






































































1 2 10 12 15 18 19 20 21 22
2 10 12 18 19 21
1 2 3 4 10 12 18 19 21

1 2 4 10 12 14 15 19 20 21 22
1 2 4 8 10 12 15 19 20 21 22
2 10 19 20 21
1 2 4 8 9 10 12 19 20 21
1 2 8 10 15 19 22
1 20
1 2 10 15 18 19 20 21
2 10 18 19 20 21
1 2 3 4 8 9 10 12 14 18 19 20 21 22
1 2 18 19
2 10 15
8
2 9 10 12 18 19 20 21
2 10 21
2 10 12 18 19 20 21
1 2 4 8 19 20 21
1 2 4 8 10 15 18 19 20 21


1 2 4 10 12 15 18 19 20 21
1 2 4 10 19 21
2 10 12 18 19 20 21
1 2 3 4 8 9 10 12 13 15 18 19 20 21 22
1 2 8 10 20 22
1 2 4 10 18 19 20 22
2 10 19 20 22
8
2 4 10 18 19 20 21
1 2 4 13

1 2 4 8 10 12 15 18 19 20 21 22
1 2 4 8 10 12 13 19 20 21 22
2 4 10 21
2 10 12 19 20 21
15
1
1 2 9 11 15 18 21


1 2 8 9 10 11 12 18 19 20 21 22
1 13 15 20
2 19 20
10
1 2 4 8 10 12 14 18 19 20 22
12 19 20

19 20
1 8 9 10 12 15 18 19 20 22
1 8 9 10 14 15 18 19 20 22



1 8 10 12 15 19 20

1 2 4 8 9 10 12 14 15 18 19 20 22
14 15 19
1 8 11 22


2 9 10 18 19 20
1 2 8 10 12 15 19 20
8 10 12 15 19 20 22
1 4 10 12 19 20
1 2 4 8 10 14 15 18 19 20 22


1 2 8 9 11 12 13 14 19 20 22
2 8 15 18 19 20

1 2 8 12 14 19 20 22
20
2

12
2 4 8 10 11 12 15 18 19 20 22
2 8 12 14 18 19 20 22
20
1 2 8 11 12 15 19 20 22
14

8 14
8 11 14 20
8 12 20
8 11 12 14 20
8 11 12 14 20

8 11 12 14 20
8 11 12 14 20

11 14
8 12 14 20
8 11 12 14 20
8
14
8 14
8 11 12 14

8 11 14
8 11 14
8 11
8 11 12 14
8 11 12 14
8 11 12 14 20
8 11 12 14 20
8 11 12 14
11 12 14
8 12 14 20
8 14 20
12 14
14
8 12 14
8 12 14
14
11 12 14
8 14

14

8 11 14
14
8 12 14
8 11 12 14
8 11 14
8 12 14
8 11 12 14
14
14
8 14












12









4
2 3 4 9 10 13 18 19 20 21
2 3 4 9 10 12 13 18 19 20 21
1 2 4 9 10 12 18 19 20 21
2 10 12 18 19 20 21
15
1 2 4 10 12 18 19 20 21
2 4 10 18 19 20 21
10
2 3 10 14 19
2 4 10 19 20 21
4
10
2 10 19 20 21 22
10 19
2 10 19
1 2 4 9 10 12 15 18 19 20 21
19
22
1 2 4 8 10 12 15 18 19 21

1 2 9 18 19 21
2 18 19
19


15
1 2 8 9 10 12 15 18 19 20 22
1 2 9 10 12 15 18 19 20 21 22
2 10 20
1 2 8 9 10 15 18 19 20 22
15
2 4 8 10 12 15 18 19 20 22
2 4 10 18 19 21
1 22


19
1 2 10


1 2 4 10 18 19 21
2 10 15 19 20 21
1 2 6 9 15 19 22

1 3 8 12 19
1 2 15 19

1 2
20
9 20

15 19 20

2 8 9 14 18 19
2 4 10 19 21


2 9 18 19
21

10
19
4 15 18 21
1 2 6 9 10 12 18 19 22
12 18


1 2 8 9 10 12 15 18 19 20 22
1 2 8 9 12 15 18 19 20 22
19
9 15 20
1 2 6 10 12 18 19 20 21 22
1 6 15 22
1 2 6 10 12 18 19 20 21 22
1 2 6 8 10 12 15 18 19 20 21 22
1 2 6 8 9 10 12 15 18 19 20 21 22
1 4 8 13 15 20

22


1 2 4 8 9 10 12 14 15 18 19 20 22

1 2 4 8 9 10 12 14 15 18 19 20 22
2 4 9 10 15 19
2 3 10 19 22


10 12 15
13
15
15
2 15
1 2 10 12 15
1 2 8 9 12 14 18 19 20 22
2 18 19 20
2 8 9 12 18 19 20
8 10 15 20
1 2 8 9 10 18 19 20 22
8 14 18 19 20
1 2 10 11 14 15 18 19 20 21 22
10 15 18 19 20 21
2 10 12 19 20
1 2 3 4 8 10 12 14 15 18 19 20 21
1 8 10 13 14 19 20 22
2 4 8 9 10 12 15 18 19 20 21
19
8 20
1 2 9 13 14 18 20
1 2 8 9 10 12 13 14 15 19 20 22
19 20
8 10 20
2 8 9 12 18 19 20
1 2 8 10 12 14 15 19 20 22
2 4 10 18 19
1 2 9 10 18 19 20
19
1 8 10 11 12 19
14 15
12 18 20

1 2 10 12 15 18 19 20
1 2 9 18 19 20
2 10 15 18 19 20
19
1 2 3 4 8 9 11 12 13 14 15 18 19 20 22
1 2 3 8 9 10 12 14 15 18 19 20 22
2 4 9 18 19 20
10 15
2 4 9 10 12 14 15 18 19 20

2 3 10 12 15 18 19 20
2 11 14 19 20
19 20

10
1 3 8 9 10 11 12 14 15 19 20
15
1 3 8 9 10 11 12 14 15 19 20
1 8 10 11 12 19
20

20 22

1 4 9 12 15 18 19 20


2


1 2 4 8 9 10 11 14 18 19 20
19 20
1 2 3 4 8 9 10 11 12 14 15 18 19 20
11
1 8 9 12 15 19
1 2 4 8 9 10 12 15 18 19 20
1 3 8 9 12 14 15 19
1 2 3 8 9 10 11 12 14 15 18 19 20

13
1 3 8 9 10 11 12 14 15 19 20
1 9 12 15
1 8 14 19
1 8
1 2 3 8 9 10 11 12 14 15 18 19 20
1 3 8 9 10 11 12 15 19 20

1 8 10 14 15 19 20
1 3 8 9 10 11 19 20
1 3 8 9 10 11 12 14 15 19 20
1 8 10 11 12 14 15 19 20
1 3 8 9 10 11 12 14 15 19 20
1 3 8 9 10 11 12 14 15 19 20
1 3 8 10 11 12 15 19 20
1 2 4 9 12 15 18 22

15


1 2 4 8 9 10 11 12 14 15 18 19 20
4 12 14 15 20
1 2 3 8 9 10 11 12 14 15 18 19 20
1 8 10 12 14 15 19 20
2 3 8 9 10 11 12 14 18 19 20
1 3 8 10 12 14 19 20
1 8 9 10 11 12 15 19 20
1 8 10 11 12 14 15 19 20
1 3 8 9 10 11 12 14 15 19
1 2 3 8 9 10 11 12 14 15 18 19 20
1 3 8 9 10 11 12 14 15 18 19 20
1 3 8 9 10 11 12 14 15 19 20
8 11 12 14 19 20
12 19 20
1 8 12 14 19 20

8 12 14 19 20
12

8 12 14 19 20
8 11 14 19 20
20
12

14
11 12 14


8

8 12
8

11 15 19
1 8 14 15 19
1 5 8 11 12 19 20
1 11 12 19 20
1 5 11 12 14 15 19 20
5 8 11 12 14 15 19 20
1 5 8 12 14 19 20
1 3 8 11 12 14 15 19 20
8 12 14 19
5 8 11 12 14 19 20
1 3 5 8 11 12 14 20
1 5 8 11 12 14 19 20
8 11 12 14 20
8 12 14 19 20
8 12 14 20
8 11 12 14 20
8 12 14 20

5 8 12 14 20
8 11 12 14
12 14
5 8 12 14
5 8
8 12 14
5 8 11 12 14
5 8 12 14
8 11 12
1 3 8 10 11 12 14 15 19 20
1 3 8 10 11 12 14 15 19 20
1 3 8 10 11 12 14 19 20
1 8 10 11 12 13 14 19 20
1 14 19 20
1 8 9 10 11 12 14 15 19
1 3 5 8 11 12 14 15 19 20
1 3 5 8 11 12 14 15 19 20
1 3 5 8 11 12 14 19 20
1 3 5 8 11 12 14 15 19 20
5 8 11 12 14 20
3 5 8 11 12 14 19 20
3 5 8 12 14 20
3 5 8 12 14 19 20
5 8 12 14
1 3 5 8 12 14 20
5 8 11 12 14
5 8 12 14
8 11 12 14
8 11 14
8 11 12 14
5 8 12 14
5 8 12 14
5 8 11 12 14
8 11 12 14
8 12 14
5 8 12 14
5 8 11 12 14
8 12 14
8 11 12 14
3 8 10 11 19 20
1 3 8 10 12 14
1 3 8 9 10 11 12 14 15 19 20
1 8 10 11 12 14 15 19 20
14 15
1 8 10 11 12 14 15 19
19
10 11 19
1 5 8 11 12 14
1 3 5 8 12 14 15 19
1 3 5 8 11 12 14
1 3 5 8 11 12 14 15
5 8 11 12 14
3 8 11 12 14
1 5 8 11 12 14
1 8 11 12 14
1 5 8 11 12 14
5 8 11 12 14
14
1 5 8 11 12 14
5 8 12 14
1 5 8 12 14
8 12
12 14

5 8 11 12 14
14
1 3 8 9 10 11 12 14 15 20
1 3 8 10 11 12 14 15 20
1 8 9 10 11 12 14 15 19
1 3 8 9 10 11 12 14 15 19 20
1 3 8 9 10 11 12 14 15 19 20
1 3 8 9 10 11 12 14 15 19 20
1 3 8 9 10 11 12 14 15 19 20
1 3 8 9 10 11 12 14 15 19 20
1 3 8 9 10 11 12 14 15 19
1 3 8 9 10 11 12 14 15 19 20
12 14

8 12 14
8 12 14

12 14


8 14
8 11 12 14
8 12 14
8 12 14
12 14
8 14
8 12 14
8 12

8 12 14
8



8 12 14
8 14
8
8 12 14
8
8 11 14







2 6 10 18 19
2 6 12 18 19 20 22
1 2 12



15
2 19 20
2 22
1
12

2 6 10 12 20 22
1 2 6 9 12 19 20 22
1 2 12 15 19 20 22
10 22
2
1 2 9 10 12 15 19 20 22


2 3 4 9 12 15 18 19 20
20
1 2 3 8 9 10 12 14 15 19 20
3 12 20
2 3 8 10 11 12 15 18 19 20
2 3 8 9 10 11 12 14 15 19 20
1 2 3 8 9 10 11 12 14 15 18 19 20
8 10 11 12 14 19 20
2 6 9 10 18 19
2 19 20
2 9 10 12 18 19 20 21
2 4 10 18 19 20
2 6 12 19 20
12 19 20
2 12 14 19 20
1 2 4 8 10 11 12 14 15 18 19 20
1 4 11 12 14 22
1 2 3 4 6 8 9 10 11 12 14 15 18 19 20 22
1 2 4 8 11 12 14 18 19 20 22
2 3 10 12 14 15 18 19 20
15 20
2 8 9 10 11 14 15 18 19 20 22
3 12 20
1 2 3 4 8 9 10 12 15 18 19 20
2 3 10 11 12 19 20
1 2 3 4 8 9 10 11 12 13 14 15 18 19 20
2 3 4 8 9 10 11 12 14 15 18 19 20
1 2 3 8 9 10 11 12 14 15 18 19 20
1 2 8 9 10 12 14 15 18 19 20
1 3 4 8 9 10 11 12 14 15 19 20
2 8 10 12 14 15 18 19 20
1 2 3 8 9 10 11 12 14 15 18 19 20
1 2 3 8 9 10 11 12 14 19 20
1 3 8 9 10 11 12 13 14 15 18 19 20
1 3 8 9 10 11 12 14 15 19 20
3 8 9 10 11 12 14 19 20
1 3 8 9 10 11 12 14 15 18 19 20
1 2 3 8 9 10 11 12 14 15 19 20
1 3 8 9 10 11 12 14 15 18 19 20
1 2 10 12 19 22
1 3 4 11 12 15 19 20
1 2 6 10 12 15 18 19 20 22
1 2 4 8 11 14 20
2 6 10 14 15 18 19 20 21 22
1 2 4 6 8 9 10 11 12 14 15 18 19 20 22
1 2 4 8 9 11 12 14 15 18 19 20 22
1 2 4 6 8 9 10 11 12 15 18 19 20 21 22
1 2 4 6 8 9 10 11 12 15 18 19 20 21 22
2 14 15 19 20
1 2 3 4 8 10 11 12 14 15 18 19 20
11 19 20
2 4 6 8 9 10 11 12 14 15 18 19 20 21
1 3 8 9 10 11 12 15 19 20
2 4 8 10 11 12 14 19 20 21
1 15 20
11 19 20
1 8 10 11 12 13 14 20
1 8 9 10 12 14 19 20
1 3 8 9 10 11 12 15 18 19 20
1 10 14 20
1 3 8 9 10 11 12 14 15 19 20
1 3 8 9 10 11 12 14 15 19 20
1 3 8 9 10 11 12 14 15 18 19 20
1 3 8 9 10 11 12 14 15 19 20
1 3 8 9 10 11 12 14 15 19 20
1 3 8 9 10 11 12 14 15 19 20
1 8 9 10 11 12 14 15 19
1 3 8 9 10 11 12 14 15 19 20
2 19 20
2 10 18 19
1 2 4 8 9 10 18 19 20 21 22
1 2 3 4 8 9 10 11 12 14 15 18 19 20 22
2 4 6 8 12 14 18 19 20
1 2 4 6 8 9 11 12 15 18 19 20 22
1 2 4 6 8 15 18 19 20 21
1 8 10 12 14 15 19 20
1 2 4 8 9 11 12 14 15 18 19 20
1 4 8 10 11 12 14 15 19 20
1 2 4 6 8 9 10 11 12 14 15 18 19 20 22
1 3 8 9 11 12 19 20
8 14 19
1 3 8 10 11 12 15 20
3 8 9 11 12 18 19 20
0 1 3 8 10 11 12 14 15 19 20
1 3 8 10 11 12 14 19 20
1 8 10 12 14 20
1 3 8 10 11 12 14 15 19 20
1 2 3 8 9 10 11 12 14 15 19 20
1 3 8 9 10 11 12 14 15 19 20
1 3 8 9 10 11 12 14 15 19 20
1 3 8 9 10 11 12 14 15 19 20 23
2 8 12 22
1 2 4 6 8 10 15 18 19 21 22
1 2 4 6 8 9 10 13 15 18 19 22
1 2 4 8 9 11 12 15 19 20 22
1 2 4 6 8 12 15 18 19 21 22
1 2 3 4 8 9 10 11 12 14 15 18 19 20 22
1 2 3 4 6 8 9 10 11 12 14 15 18 19 20 22
0 1 2 3 4 5 8 9 10 11 12 14 15 18 19 20 22 23
2 4 8 10 15 19 20 22
1 2 3 4 8 9 10 11 12 14 15 19 20 23
8 9 10 11 14 15 19 20
1 2 3 4 8 9 10 11 12 14 15 18 19 20 22
1 8 9 10 12 15 19 20
1 2 3 8 9 10 11 15 19 20 23
2 3 8 9 10 11 12 14 15 19 20
1 2 3 4 8 9 10 12 18 19 20
1 2 3 4 8 9 10 11 12 14 15 18 19 20
3 8 9 10 11 12 14 19 20
1 2 3 4 5 8 9 10 11 12 14 18 19 20
0 1 2 3 8 9 10 11 12 15 19 20 23
1 8 9 10 12 14 15 20
2 6 8 9 10 15 18 19 22
1 2 4 6 8 10 12 14 19 20 22
1 2 3 4 6 8 10 12 15 18 19 20 22
0 1 3 8 10 12 14 15 23
10 12 14 15 19 20 23
3 8 9 10 11 12 14 15 18 19 20 22 23
0 1 3 8 9 10 11 12 14 19 20 23
0 1 2 3 5 8 9 10 11 12 14 15 18 19 20 22
1 2 3 4 8 9 10 11 12 14 15 18 19 20 22 23
1 2 3 8 9 10 11 12 14 18 19 20
0 1 2 3 4 5 8 9 10 11 12 14 15 18 19 20 23
1 3 8 9 10 11 12 14 15 19 20
1 3 8 9 10 11 12 14 15 19 20
3 8 15 19
3 8 9 10 11 19 20
1 3 8 9 10 11 12 13 14 15 19 20
1 3 8 9 10 11 12 14 15 19 20
1 3 8 9 10 11 12 14 15 19 20
1 3 8 9 10 11 12 14 15 19 20
1 3 8 9 10 11 12 14 19 20

1 3 8 9 10 11 12 14 15 19 20
1 5 8 11 12 14
1 3 8 12 14
1 8 11 12 14
14
1 5 8 11 12 14
1 8 12 14
1 8 11 12 14
1 14

1 8 11 12 14
8 12
5 8 12 14

3 8 9 10 11 12 14
1 3 8 9 10 11 12 14 15 19
1 3 5 8 9 10 11 12 14 15 19
3 8 9 10 11 12 14 19
1 3 8 9 10 11 12 14 15 19 20
1 3 8 9 10 11 12 14 15 19 20
1 3 5 8 9 10 11 12 14 19 20
1 3 8 9 10 11 12 14 15
1 8 9 10 11 12 14 15 19
1 3 8 9 10 11 12 14 15 19
8 9 11 12 14
1 8 9 11 12 14 15
1 3 5 7 8 9 10 11 12 14 15 19
8 11 14
1 7 8 10 11 14
1 8 14
1 8 12 14
1 3 8 10 11 14 19 20
1 3 8 10 11 12 19 20
11 12 20
3 8 9 10 11 12 14 15 19 20
1 3 5 8 9 10 11 12 14 19 20
1 3 8 10 11 12 14 19 20
1 3 8 9 10 11 12 14 15 19 20
3 8 9 10 11 12 14 15 19 20
1 3 8 10 11 12
1 3 8 11
1 3 5 7 8 10 11 12 14 15 19
1 3 5 8 9 11 12 14 15 19 20
1 5 7 8 11 12 14 15
1 5 7 8 9 10 11 12 14 15
1 5 7 8 9 11 12 14 15
1 7 8 9 10 11 12 14 15 19
1 7 8 12 14 23
1 7 8 11 12 14 23
1 7 8 11 12 14
1 3 8 9 10 11 12 14 19 20
1 3 8 9 10 11 12 14 19 20
1 3 8 9 10 11 12 14 15 19 20
0 1 3 8 9 10 11 12 15 19 20 23
1 3 5 7 8 9 10 11 12 14 15 19 20
8 11
1 3 5 8 9 10 11 12 14 15 19 20
1 3 5 8 9 10 11 12 14 15 19 20
1 3 5 7 8 9 11 12 14 15 19
1 3 5 7 8 9 10 11 12 14 15 19 20 23
1 8 9 10 11 12 14 15 19 20
0 1 3 5 8 9 10 11 12 14 15 19 20
1 7 8 11 12 14 15
1 3 5 7 8 9 10 11 12 14 15
1 7 8 11 12 14 15
1 3 5 7 8 9 10 11 12 14 15 19 20
1 7 8 11 12 14 23
1 7 8 11 12 14 23
1 7 8 10 11 12 14
1 7 8 12 14
1 7 8 14
1 7 8 11 12 14 23
1 7 8 11 12 14 23
1 7 8 12 14
1 23
1 7 8 12 14
0 1 3 8 9 10 11 12 14 15 19 20 23
1 2 3 8 9 10 12 15 20
10 19
2 6 8 18 19 20 21
6 10 20 22
2 6 8 18 19 20 21
2 6 18 19 20 21
2 19 20 21
2 6 19 20
2 18 19
10 19
2 19 20
1 2 3 9 13 15 20 22
1 4 8 9 10 12 14 15 19 20 22
1 2 4 6 8 9 10 11 12 14 15 18 19 20 22
0 1 8 11 12 15 20 22
6 11 12 14 19 22
3 8 10 11 12 14 19 20
8 10 12
0 1 4 8 9 10 11 12 14 19 20 22 23
1 2 4 6 8 10 12 15 18 19 20 22
0 1 2 3 4 8 9 10 11 12 14 15 19 20 22
2 13 15 22
0 8 10 11 12 14 15 19 20
1 8 9 10 11 12 14 19 20 22 23
1 2 3 4 9 10 12 14 15
4 9 19 20
0 1 2 3 8 9 10 11 12 14 15 19 20 22 23
14 19
1 10 11 14 18 19 22
1 9 19
0 1 2 3 8 10 11 12 14 15 20 23
0 1 3 4 5 8 9 10 11 12 13 14 15 19 20 22 23
0 1 3 5 8 10 11 12 14 20 23
0 1 4 8 10 11 12 14 15 19 20 22 23
1 2 3 4 5 8 9 10 11 12 14 15 18 19 20
0 1 2 3 5 8 9 10 11 12 14 15 18 19 20 23
0 1 2 3 5 8 9 10 11 12 14 15 19 20 23
0 1 3 5 8 10 11 12 14 15 19 20 23
2 6 19 20 21
2 6 9 10 19 20 21

2 8 9 22
2 6 9 10 19 20 21
1 2 6 8 9 10 11 12 15 18 19 20 22
1 8 9 10 11 12 19 20 22
1 2 6 8 9 10 15 18 19 20 22
4 20

1 2 3 14
10 15 19


11 15 20
1 4 10 14 19 20
1 2 3 8 9 11 14 19 20 22
1 14
0 1 5 8 10 11 12 14 20 23
1 4 5 10 11 12 14 20 22 23
0 1 8 10 11 12 14 20
0 1 4 8 10 11 12 14 19 22
0 1 3 8 9 10 11 12 14 15 19 23
3 8 10 11 12 14 15 19 20 23
0 1 3 5 8 10 11 12 14 15 23
0 1 3 8 10 11 12 14 15 19 20 23
2 6 9 19 20 21
2 6 9 19 20 21
2 6 8 10 15 19 20 21 22

2 19
1 2 6 8 9 10 11 12 15 18 19 20
1 2 6 8 9 10 11 15 18 19 20 22
1 8 9 15 20 22
1 2 3 6 8 9 10 11 15 18 19 20 22

1 15 20 22
22
19
8 10 12 14 22
12
12

6 8 11 12 15 18 19 22 23
1 8 10 15
15 19 22

10 11 12 14 19 20 23
0 1 6 8 9 10 11 12 14 15 19 20 22
0 8 10 11 12 14 23
0 1 3 4 8 10 12 14 19 23
0 1 3 5 8 10 11 12 14 15 20 23
0 1 3 5 8 10 11 12 14 19 20 23
1 3 4 5 10 11 14 20 23
4 8 10 11 12 14 20

2 10 19

1 15 19 20 22
19 20
2 10 18
2 12 13 14
1 15 19
15
1 2 15 19 20 22
1 20


1 2 4 10 18 19
10 14 19
10 20
2 3 4 5 6 10 15 19 20 22
2 10 13 14 15 19 20 22
0 4 10 11 12 14 19 20
0 1 4 10 14 19
4 10 14 19
0 19
0 1 8 10 11 12 14 20
0 1 4 10 11 12 14 15 19 20
0 1 3 5 8 9 10 11 12 14 15 20 23
1 4 8 9 10 11 12 14 15 19 20 23
2 4 6 9 10 18 19 20
6 10
1 2 6 9 14 15 18 19 20
12
20

12
2 6 10 11 15 18 19 20
1 2 3 4 8 10 19
0 4 10 14 19 23
0 1 4 15 19 20
0 1 3 5 8 9 10 11 12 14 15 20 23
1 4 10 11 14 15 19
0 1 3 5 7 8 10 11 12 14 15
0 1 3 5 8 9 10 11 12 14 15 19 23
0 1 3 5 7 8 10 11 12 14 15
0 1 3 5 8 9 10 11 12 14 15 19
1 7 8 9 10 11 12 14 15
1 3 5 7 8 10 11 12 14 15 23
7 8 10 12 23
3 5 8 10 11 12 14 15 23
1 7 8 10 11 12 14
1 7 8 10 11 12 14 15
1 3 7 8 10 11 12 14
1 7 8 14 23
1 7 8 12 14 23
1 3 7 8 10 11 12 14
1 7 8 12 14
1 7 8 11 12 14
1 7 8 11 14

1 7 8 11 14
1 3 5 8 9 10 11 12 14 15 20
0 1 3 8 9 10 11 12 19 20
0 1 3 5 8 9 10 11 12 14 15
0 1 2 3 5 8 9 10 11 12 14 15 23
1 3 5 8 9 10 11 12 14 15 19
1 3 8 9 10 11 12 14 15 19 20
1 3 5 8 10 14 15
0 1 3 8 9 10 11 12 14 15 19
1 3 8 10 11 12 14 15
1 3 5 8 10 11 12 14 15
1 3 8 10 11 12 14 15 23
1 3 10 11 12 14 15 23
1 3 7 8 9 10 11 12 14
0 3 8 10 11 12 14 15
0 1 3 7 8 10 11 12 14 15 23
1 3 5 8 10 11 12 14 15 23
1 3 5 7 8 10 11 12 14
1 5 7 8 10 11 12 14
1 3 5 7 8 10 11 12 14 15
1 3 7 8 10 11 12 14 15 23
1 7 8 14
1 3 7 8 11 12 14
1 5 7 8 10 12 14 23
1 3 8 10 11 12 14
1 8
1 5 7 8 11 12 14
1 8 14
1 5 7 8 10 11 12 14
1 8 10
1 8

1 8
1 8 12
0 1 3 5 8 9 10 11 12 14 15 23
0 1 3 8 9 10 11 12 14 15 19 23
0 1 3 5 8 9 10 11 12 14 15 23
0 1 3 8 10 11 12 14 15
0 1 3 5 8 10 11 12 14 15 23
0 1 3 5 8 9 10 11 12 14 15 23
1 3 8 10 11 12 14 15 23
1 3 5 8 10 11 12 14 15 23
0 1 3 8 10 11 12 14 15
1 3 5 8 10 11 12 14 15
0 1 3 5 8 10 11 12 14 15 23
1 3 5 8 10 11 12 14 15 23
3 8 10 11 12 14 15
0 1 3 5 10 11 12 14 15
0 3 8 10 11 12 14 15 20
0 1 3 5 8 10 11 12 14 15 20 23
1 3 5 7 8 10 11 12 14 15 23
0 1 3 5 7 8 10 11 12 14 15 23
0 1 3 5 7 8 10 11 12 14 15 23
0 1 3 5 7 8 10 11 12 14 15 20 23
1 3 8 10 12 14 23
1 3 5 7 8 10 11 12 14 15 23
1 5 8 10 11 12 14 15
1 3 5 7 8 11 12 14 15
1 3 8 10 12 14
1 3 7 8 11 14 23
1 3 5 7 8 10 12 14 23
1 3 5 7 8 10 11 12 14 23
1 8 10 12 14
1 7 8 14
1 14
1 5 7 8 12 14 23
1 7 8 12 14
1 8 14
1 8 14
1 8 14
0 1 3 8 10 11 12 14 15 23
0 1 3 8 10 11 12 14 15 23
1 3 8 10 11 12 14 15 23
1 3 5 8 10 11 12 14 15 23
1 3 8 10 11 12 14 15 23
0 1 3 5 8 10 11 12 14 15 23
1 3 8 10 11 12 14 15
0 1 3 8 10 11 12 14 15 23
0 3 5 7 8 10 11 12 14 15 23
0 1 3 5 8 10 11 12 14 15 23
0 1 3 5 8 10 11 12 14 15 20
0 1 3 5 8 10 11 12 14 15 20 23
1 3 5 8 10 11 12 14 15 20
0 1 3 5 7 8 10 11 12 14 15 20 23
1 3 5 8 10 11 12 14 15 20
0 1 5 8 10 11 12 14 15 20 23
1 3 8 10 11 14 15 23
0 1 3 5 7 8 10 11 12 14 15 20 23
1 3 8 10 11 12 14 15
1 3 8 10 11 12 14 15 20 23
1 3 8 10 11 12 14 23
1 3 5 8 10 11 12 14 15
1 3 8 10 11 12 14 15
1 3 8 10 11 12 14 15
1 7 8 12 14 23
1 5 8 10 11 12 14
1 5 7 8 10 12 14
1 5 7 8 10 12 14
1 5 8
1 7 8 14
1 7 8 12 14

1 8 14 23
1 8 12 14
1 8 12 14 23
1 8 14 23
1 3 8 10 11 12 14 15 23
0 1 3 8 10 11 14 15 23
8 10 11 12 14 15 23
0 1 8 10 11 12 14 15 23
1 3 5 8 10 11 12 14 15 23
0 1 3 5 8 10 11 12 14 15 23
0 1 3 5 8 10 11 12 14 15 19 23
0 1 3 5 8 9 10 11 12 14 15 20 23
1 3 8 10 12 14 15 23
3 8 9 10 11 12 14 15 20 23


0 8 11 14
8
0 14
0 8
0
0 8 14
0 8
0 8 14
0 8
0 8
0 8 23
0
8
0 23

0 8
0 8 11
0
0 8 14
0 8
0 8 14
0




1 8
1 8
8
0 8 23
0 8 14 23
0 8 14 23
0 8 23
0 14 23
0 8 14 23
0 8 11 14
0
0 8
0 8
0 8 23
0 8 23
0 8
0
0 8

23
0
0
0 14
0
0
0


0
1 5 7 8 12 14
1 5 7 8 14
1 5 7 8 14 23
1 5 8 14 23

1 8
8 14
1 5 7 8 12 14

0 8
0 8 14
0 8 14 23
0 8
0 8 23
0 5 8 11 14 23
0 5 8 11 14 23
0 5 8 11 14 23
0
0 8
0 8 14
0 8
0 8 14
0 8
0
0 8 11
0
0 5
0

0
0

0 14 23
1 8 14
1 14 23

8 14 23

0 5 8 11 12 14 23
0 5 8 11 12 14 23
0 5 8 11 12 14 23
0 5 8 11 12 14 23
0 5 8 11 12 14 23
0 5 8 11 14 23
0 5 8 11 12 14 23
0 5 8 11 14 23
0 5 8 11 12 14 23
0 8 11 14 23
0 8 11 14 23
0 8
0 5 8 11 14
0
0 8
0
0

0









4 10

2 10

4 19 22

2 6 10 12 15 19 20 22


4 10 20


1 10 13 19 20 22



4 19 22
1 2 10 13 15 19 20 22
4 15 19 20 22
4 15 19 20 22
10
1 2 4 10 20 22
1 2 3 4 6 10 12 13 18 19 20 21


22
22
8 18 22
22
22
20 22
22

1 8 13 22

13

2 10

1 2 6 9 10 12 18 19 20
2 4 6 8 10 15 18 19 20 22
1 2 4 6 9 10 18 20
1 2 6 9 14 15 18
1 2 8 10 15 19 20
1 2 8 9 18 22
8 15
1 2 3 4 9 10 13 15 18 19 20
1 2 13 15 19
1 4 9 19
10 15 19 20 22
2 4 6 10 18 19 20
1 2 4 6 10 12 18 19 20
4 6 9 10 14 19 20
12 15 19
1 2 3 4 5 6 10 15 18 19 20 22
14
19
1 2 14 19
1 14
1 2 3 4 10 15 18 19 20

2 18 19

15
14
1 11 13
19
1 2 4 13 18
0 1 3 4 5 8 10 11 12 14 15 20 23
3
1 3 5 8 9 10 11 14 15 19 20
14 19
0 8 9 10 11 14 20
0 10 11 14 15 20
0 1 5 8 10 11 14 15 20 23
0 1 8 10 11 14 20
2 10
2 14 19 20
1
1 4 10 19 20 22
19
1 2 4 6 10 14 15 18 19 20
2 5 6 10 14 19 20
1 2 3 5 6 10 11 14 15 19 20 22

11





2 4 6 10 13 14 15 17 19 20

1 2 3 4 6 9 10 12 13 14 15 18 19 20
1 2 3 4 10 12 15 18 19 20
1 2 3 5 6 8 9 10 11 12 14 18 19 20
2 6 8 9 11 14 15 18 19 20
0 1 4 5 8 9 10 11 12 14 19 20 23
0 1 3 4 10 11 14 15 19 20
0 1 3 9 10 11 12 14 15 19 20
1 2 8 9 10 11 12 14 15 19 20 23
0 5 8 10 11 14 20 23
0 1 9 10 11 14 15 20 23
0 1 3 4 8 9 10 11 14 15 20 23
0 3 8 9 10 11 12 14 20 23
2 4 6 9 10 12
2 6 9 10 13

1 10



10 18 19 20
9 19
1 2 4 6 10 11 18 20
1 2 3 4 6 8 9 10 11 12 17 18 19 20
2 4 6 10 17 18 19 21
2 6 8 9 10 14 18 19 20
2 4 6 14 15 18 19 20
2 4 15
2 6 10 14 19 20 21
2 6 8 9 10 11 15 18 19 20 23
2 6 8 9 10 15 18 19 20
1 2 3 4 6 8 9 10 11 12 14 15 18 19 20 23
10 18 20
1 2 4 9 10 11 14 15 19 20
1 2 10 14 15 19 20 23
1 3 4 8 9 10 11 12 14 15 20 23
1 2 10 15 18 19 20
0 1 3 4 5 8 9 10 11 14 15 19 20
0 1 2 3 4 8 9 10 11 12 14 15 19 20 23
0 1 2 3 4 5 8 9 10 11 12 14 15 19 20 23
1 3 4 8 9 10 11 12 14 15 19 20 23
1 2 4 6 9 10 19 20 22
2 6 9 18 19 20 22

2 6 9 19 20 22

4 9 15 18 19
1 2 4 6 9 11 12 15 17 19 20 22
2 6 11 15 17 19
1 17 19 20
1 2 4 6 9 11 13 15 17 18 19 20 22

10 19


10 19
10 15 19 20
1 2 15 19
2 9 10 14 19
2 10 19
9 19
1 3 4 8 10 11 12 15
1 4 10
1 3 4 8 9 10 12 14 15 20 23
1 5 7 8 10 11 12 15
1 2 4 8 9 10 14 15 19 20 23
1 2 4 8 10 11 14 15 20
1 10 15
1 4 5 8 10 11 12 14 15

18 20
9 12 13 15 20
2 11 13 15 19 20
10 14 19
20
10
14 15
1 7 8 10
19
1 3 8 10 12 14 15 20
1 2 3 4 7 8 9 10 11 12 14 15 19 20 23
1 10 20
1 2 3 4 5 8 9 10 11 12 14 15 19 20
1 7 8
1 8 14 23
1 14
1 8 12 14
1 8 14 23
1 8 14
0 1 5 8 11 12 14 23
0 5 8 11 12 14 23
3 5 8 10 11 12 14 15 23
0 1 3 8 9 10 11 12 14 20 23
0 1 5 8 10 11 12 14 15 23
0 8 10 14 20 23
0 1 3 5 8 10 11 12 14 15 23
0 1 5 8 10 11 12 14 15 23
0 1 3 5 8 9 10 11 12 14 15 20 23
0 1 3 5 8 10 11 12 14 15 20 23
0 1 5 8 10 11 12 14 15 23
0 1 3 5 8 10 11 12 14 15 23
0 1 3 5 8 10 11 12 14 15 23
0 1 8 10 11 12 14 15 23
1 7 8 10 11 12 14 15 23
0 1 3 5 8 10 11 12 14 15 23
1 3 5 8 10 11 12 14 15 20
0 1 3 5 8 10 11 12 14 15 20 23
1 3 5 8 10 11 12 14 15
1 8 10 11 12 14 15
0 1 5 7 8 10 11 12 14 15
1 8 10 11 14 15
1 5 8 10 11 12 14
1 5 7 8 10 11 12 14 15
1 5 7 8 10 11 12 14 15
1 3 5 7 8 10 11 12 14 15 23
1 5 8 10 12 14
1 5 8 10 11 14
1 5 8 10 11 12 14 23
1 5 7 8 10 11 12 14 23
1 8 10 12 14
0 1 3 5 7 8 11 12 14 15 23
0 1 5 8 11 12 14 23
0 3 5 8 11 14 23
0 1 3 5 7 8 11 12 14 23
0 1 3 8 10 11 12 14 15 20 23
1 5 8 9 10 11 12 14 15 20 23
0 1 3 5 8 10 11 12 14 15 20 23
0 1 3 4 8 9 10 11 12 14 15 20 23
0 1 3 8 10 11 12 14 15
0 1 3 5 8 9 10 11 12 14 15 20 23
0 1 3 8 10 11 12 14 15 23
0 1 3 8 10 11 12 14 15 23
1 10 11 14 15 20
0 1 3 5 8 9 10 11 12 14 15 20 23
1 8 10 11 12 14 15 23
1 5 8 9 10 11 12 14 15 23
1 3 5 8 10 11 12 14 15 23
0 1 3 5 8 10 11 12 14 15 20 23
1 5 7 8 10 11 12 14 15 23
0 1 3 5 8 10 11 12 14 15 20
1 5 7 8 10 11 12 14 15 23
1 3 5 8 10 11 12 14 15
1 3 5 7 8 10 11 12 14 15
1 8 10 12 14
1 3 5 8 10 12 14 15
1 3 5 7 8 10 11 12 14 15 23
8 10 14 23
1 5 8 10 11 12 14 15 23
1 8 10 11 12 14
1 5 8 10 11 12 14 23
1 8 10 12 14 23
1 7 8 10 11 12 14
8 10 12 14

1 5 8 11 12 14 23
1 3 4 8 9 10 11 12 14 15 20 23
0 1 3 4 5 8 9 10 11 12 14 15 19 20 23
1 3 5 8 9 10 11 12 14 15 20 23
0 1 3 4 5 8 9 10 11 12 14 15 19 20 23
0 1 3 8 10 11 12 14 15 23
0 1 3 8 9 10 11 12 14 15 23
0 1 3 5 8 9 10 11 12 14 15 19 23
0 1 3 5 8 9 10 11 12 14 15 20 23
1 8 10 11 14 15 20
1 3 5 8 9 10 11 12 14 15
0 1 3 5 8 9 10 11 12 14 15 20 23
0 3 4 8 9 10 11 12 14 15 20 23
1 8 10 12 14
0 1 3 5 7 8 10 11 12 14 15 20 23
8 10 12 14 15 20
0 1 3 5 7 8 10 11 12 14 15 20 23
1 10 14
1 10 11 12 14
10 14
10
1 8 10 12 14
1 3 5 7 8 10 11 12 14 15
1 3 8 10 12 14 15
1 8 10 12 14 15
1 14
1 8 10 12
1 8 12 14
8 14
1 8 14 23
1 14
1 8 14 23
8 14
1 3 4 8 10 11 14 15 20 23
0 1 2 3 4 8 10 11 12 14 15 19 20 23
0 1 2 3 4 8 9 10 11 12 14 15 19 20 23
0 1 2 3 4 8 10 12 14 15 18 23
0 1 3 4 5 7 8 9 10 11 12 14 15 19 20 23
1 3 4 5 8 9 10 11 12 14 15 19 20 23
1 3 5 8 9 10 11 12 14 15 20 23
1 9 10 11 14 15 20 23
0 1 3 5 8 9 10 11 12 14 15 20 23
0 1 3 4 5 8 9 10 11 12 14 15 19 20 23
0 1 3 5 8 9 10 11 12 14 15 20 23
0 1 3 5 7 8 9 10 11 12 14 15 20 23
1 3 8 10 11 12 14 15 23
0 1 3 7 8 10 11 12 14 15
15
1 8 10 12 14 15
1 7 8 10 12 14 15
1 8 10 12 14 15
1 8 10 12 14 15 23
1 7 8 10 12 14 15
0 1 8 12 14 15
1 3 5 7 8 10 11 12 14 15 23
1 8 10 12
1 7 12 14

1 5 8 10 11 12 14 23
1 8 12 14
1 5 8 10 12 14
1 2 4 10 14 15 19 20 23
1
0
0 14 23
0 8 14 23
0 5 8 11 12 14 23
0 1 5 8 11 12 14 15 23
0 5 8 11 12 14 23
0 5 8 11 12 14 23
0 5 8 11 12 14 23
0 5 8 11 12 14 23
0 5 8 11 12 14 23
0 5 8 11 12 14 23
0 5 8 14
0 5 8 14
0 5 8 14 23
0 5 8 14
0
0 5 8 23
0
0
0
0
0 5 8 11 12 14 23
0 1 3 5 7 8 11 12 14 23
0 5 7 8 11 12 14 23
0 3 5 7 8 11 12 14 23
0 5 8 11 12 14 23
0 5 8 11 12 14 23
0 5 8 11 12 14 23
0 5 8 11 12 14 23
0 5 7 8 11 12 14 23
0 5 8 11 12 14 23
0 5 8 11 12 14 23
0 5 8 11 12 14 23
0 5 8 11 12 14 23
0 5 8 11 12 14 23
0 5 8 11 12 14 23
0 5 8 11 12 14 23
0 5 8 14
0 5 8 11 14
0 5 8 14
0 5 8 11 14
0 5 8
0 5 8 14
0 5 8
0 5 8 14
0 5
0 5
0 5
0 5
0
0
0 5
0 5
0
0
0
0 5
0 5 8 11 12 14 23
0 5 8 11 12 14 23
0 5 7 8 11 12 14 23
0 1 5 8 11 12 14 23
0 5 8 11 12 14 23
0 5 8 11 12 14 23
0 5 8 11 12 14 23
0 5 8 11 12 14 23
0 5 8 11 12 14 23
0 5 8 11 12 14 23
0 5 8 11 12 14 23
0 5 8 11 12 14 23
0 5 8 11 12 14 23
0 5 8 11 12 14 23
0 5 7 8 11 12 14 23
0 5 8 11 12 14 23
0 5 8 11 14
0 5 8 11 14 23
0 5 7 8 11 14 23
0 5 8 11 12 14 23
0 5 8 14
0 5 8 14 23
0 5 8 11 14
0 5 8 11 14
0 5 14
0 5 14
0 5 14
0 5 8 11 14
0 5
0 5 14
0 5
0 5 14
0 5
0 5
0 5
0 5
0 8 11 14 23
0 8 11 12 14 23
0 1 7 8 11 12 14 23
0 5 8 11 12 14 23
0 5 8 11 12 14 23
0 5 8 11 14 23
0 8 11 14 23
0 23
0 5 8 11 12 14 23
0 5 8 11 12 14 23
0 5 8 11 12 14 23
0 1 5 8 11 12 14 23
0 5 7 8 11 12 14 23
0 5 7 8 11 12 14 23
0 5 8 11 14
0 5 8 11 12 14 23
0 5 8 14
0 5 8 11 14
0 5 8 14
0 5 8 14
0 5
0 5
0



0

0

0
0
0

0
0

0
0
0







0
0
0
0 5
0
0
0
0
0
0
0
0

0
0
0



0





0
0 5
0
0
0
0
0
0
0
0

































2 19
2

4 6 21 22

1 2 4 6 9 10 11 12 15 19 20
3 4 6 8 10 14 19 20
4 19 22
1 2 3 4 6 10 11 18 19 22
1 2 10 11 14 19 22
21 22
4 22
1 2 4 6 9 10 11 12 15 19 20 21 22
4 11 19 22
4 6 9 17 18 19 20
1 2 4 6 9 17 18 19 20 21 22
11 19 20
1 4 6 10 11 19 20
11 13
4
4 13 15 18 19 20 22
1 3 9 10 11 13 15 17 18 19 20 22
1 2 11 13 14
22
1 2 4 6 11 12 15 17 18 19 20 21 22


17 22
2 6 9 11 13 19
9 17 19 20
2 4 10 17
2 4 22
4 14 19 20 22
4 12 14 22
4 9 10 19 20 22
2 4
19
4 9
22

1 6 18 19 20 22 23
22
22

1 2 4 9 14 15 17 19 20 22
1 2 4 9 11 17 19 20 22
2 17 18 21


1 4 9 10 17 18 19 20 21 22
2
11 15 19
2 19
10 18
2 4 9 12 15 17 18 19 20 21
11 18 19


2
1 2 3 4 8 9 10 14 15 19 23
15
2 4 10 17 19 20
1 2 4 10 17 18 19
10 19 22
2 4 6 17 19
2 10 18 19
2 4 6 10 11 18 19
14 23
4
14 19 20

11 18 19 20

2 4 6 10 19 20
20


23
18
1 2 4 9 12 15 19



1 3 4 8 12 14 15
4 9 10 15
4 8 15
1 4 15
1 2 3 4 7 8 9 10 11 12 14 15 18 19 20 23
1 4 13 15 23
1 3 4 8 10 12 14 15 18 19 20 23
1 4 15
1 2 4 6 9 10 17 18 19 20
2 4 8 9 11 12 14 19 22
1 2 4 6 10 12 14 15 17 19 20 22 23
2 10 19 22
2 10 11 17 18 19
1 2 4 6 8 10 12 17 18 19 20

19
22
1 19 20

2 4 6 10 11 18 19 20
9 10 19

1 2 3 4 6 8 10 12 15 18 19 20
4 6 10
8 10 19

8 23
3 12 19
1 4 6 9 14 15 19 23
2 4 11 18 19

1 2 3 4 10 11 12 14 15 19 23


1 4 7 8 15
1 4 7 8 14 15 23
1
1 7 9 15 19
1 3 4 8 10 11 15 20
1 4 13 15
1 2 4 7 8 10 15 20 23
1 4 15 23
1 2 3 6 8 9 10 11 18 19 20 22
2 4 6 10
2
2 4 6 8 9 10 11 12 14 15 17 18 19 20 22 23

1 2 4 10 11 17 19 22 23
1 2 12 15 19 20 23
2 4 10 11 18 19 20 21 22

2 4 10 11 18 19 22


6 8

2 6 10 11 15 18 19 20 23
15
2 3 4 6 10 14 15 17 18 19 20
2 4 10 19 20
0 1 4 9 12 14 18 19

0 1 2 4 6 7 11 15 17 18 19 20
1 2 4 10 11 14 15 17 18 19 20
10 14
20
10 17 19 20
6 10 19 20 23
9 15 19
1 2 10 11 19 20
2 14 20
2
1 4 7 8 9 10 14 15 19
1 15
1 4 10 14 19
1 3 4 10 14 15 19 20 23
1 9 10 11 19 22
2 9 17 18 21 22
1 2 4 6 9 10 11 15 17 18 19 20 21 22
1 4 10 11 22
4 10 11 12 15 19 20
4 10 11
11 15 19 20
4 10 15 20
1 2 13 17 19
1 9 10 11 12 15 18 19 20 21 22
1 18 19 20
2 17 19 20
2 4 8 9 10 11 15 17 18 19 20 23
2 4 6 8 10 11 14 15 18 19 20 23
2 3 10 17 19 20
1 2 4 6 9 10 17 18 19 20
4 14
2 4 10 19 20
2 3 4 6 9 10 11 14 15 17 18 19 20
2 3 4 10 14 18 19
2 4 9 10 14 17 19 20
14
1 2 4 10 14 17 18 19 20
4 6 15 17 19
2 9 14 15 17 19 20
4 6 10 11 14 17 19 20
1 2 4 7 10 11 12 14 18 19 20
2 4 6 10 11 20
2 3 8 9 10 11 14 19 20 23
1 4 8 10 14 17 18 19 20
1 14
1 10 18 19 20

1 10 14 19 20
1 2 4 6 11 13 18 19 20 22
1 2 4 6 9 10 11 15 17 18 19 20 21 22
1 2 3 4 6 8 9 10 11 12 13 15 17 18 19 20 21 22
0 1 2 3 4 6 9 10 14 19 20 23
1 4 9 10 11 12 20 23
2 4 6 8 9 10 15 17 18 19 20
2 4 8 10 14 15 19 20
1 4 20
2 6 9 10 15 19
14 17 19
11 14 15 23
1 2 10 14 19
1 2 10 19 20
9 10 14 19 20
10 17
1 10
2 9 10 12 14 18 19 20
1 5 8 10 11 12 14
1 10 11 14 15
1 7 8 9 10 11 14 15 20
0 1 7 8 9 10 11 12 14 20
1 3 5 7 8 10 11 12 14 15 23
1 8 10 12 14 15
0 1 5 8 10 11 12 14 15
0 1 3 5 7 8 10 11 12 14 15 19 20
1 8 10 12 13 14 15 23
1 10 11 12 14 15
1 10 12 14
1 10 12 14 15
0 1 5 7 8 10 11 12 14 15
1 8 12 14
1 7 8 10 12 14 15 23
0 1 8 10 12 14 15 23
1 12 14
1 8 12 14
1 8 12 14
1 8 10 11 12 14
1 8 10 11 14
1 8 10 11 12 14

12 14
1 2 3 4 9 10 14 15 19 20 23
1 10 12 20 23
1 10 11 12 14 15 20 23
1 5 10 14 15 19 20 23
0 1 3 8 9 10 11 12 14 15 20 23
1 2 3 4 8 9 10 11 12 14 15 18 19 20 23
0 1 8 10 11 12 14 20 23
0 1 3 4 9 10 11 12 14 15 19 20 23
0 1 3 5 7 8 9 10 11 12 14 15 19 20 23
0 1 3 5 8 9 10 11 12 13 14 15 20 23
1 10 12 14 15 23
1 7 10 12 14 15 19 20
1 10
1 10 12 14 15
1 7 8 10 15
0 1 3 5 7 8 10 11 12 14 15 23
1 8 10 12 14 15
1 3 10 11 14
0 1 5 7 8 10 12 14 15
1 5 7 8 10 11 14 15
1 10 14
1 5 10 11 14 15
1 12 14
1 5 7 8 10 12 14 15
12 14
8 12 14 23
1 8 12 23
8
0 5 7 8 12 14 23
0 1 5 7 8 12 14 23
0 5 7 8 12 14 23
0 5 7 8 12 14 23
0 5 7 8 12 14 23
0 1 2 3 4 5 7 8 9 10 11 12 14 15 18 19 20 23
1 3 4 5 7 8 10 11 12 15 19 20
0 1 2 3 4 5 7 8 9 10 11 12 14 15 18 19 20 23
1 2 3 4 5 7 8 9 10 11 12 13 14 15 18 19 20 23
0 1 3 5 7 8 10 11 12 14 15 20 23
0 1 2 3 4 5 7 8 9 10 11 12 14 15 19 20 23
0 1 2 4 5 7 8 9 10 11 12 14 15 19 20 23
0 1 4 5 9 10 11 14 15 19 20 23
1 3 10 15
10 14 15
1 10 14 15
1 10 23
1 8 10 12 14 15 23
0 1 3 5 7 8 10 12 14 15 23
0 1 3 5 7 8 10 11 12 14 15 23
0 1 3 7 10 11 12 14 15 23
0 1 7 8 10 12 14 15 23
1 3 5 8 10 11 12 14 15 23
0 1 5 8 10 11 12 14 15 23
0 1 7 8 10 11 12 14 15 23
1 12 14
1 8 10 12 14 15
1 8 10 12 14 15
1 14 15
0 1 7 8 12 14
0 1 23
0 1 7 8 12 14 23
1
0 5 7 8 12 14 23
0 1 5 7 8 12 14 23
0 5 7 8 12 14 23
0 1 5 7 8 11 12 14 23
1 8 12 14
0 1 5 7 8 12 14 23
5 8 12
0 1 5 7 8 12 14 23
0 1 3 4 5 7 8 9 10 11 13 14 15 19 20 23
1 2 4 7 8 9 10 12 15 19 20
1 2 4 7 8 9 10 11 13 14 15 19 20 23
1 4 7 8 9 10 15 19
0 1 3 8 10
0 1 3 4 5 7 8 9 10 11 12 14 15 19 20 23
0 1 3 10 11 14 15 20 23
0 1 3 4 5 8 9 10 11 12 14 15 20 23
0 1 3 8 10 11 14 23
1 3 8 10 12 14 15 20
1 5 10 11 14 23

1 11 12 14 15 23
0 1 3 5 7 8 10 12 14 15 23
0 1 8
1 3 12 14 15
1 10
1 5 12 14 15
0 1 12 14 15 23
1 12 14
1 7 10 23
0 1 10 14 15
0 1 14 23
0 1 5 8 12 14 23
0 1 7 8 14 23
1 7 10
0 1 7 8

0 5 7 8 12 14 23
0 1 5 7 8 12 14 23
0 1 5 7 8 12 14 23
8 23
0 23
0 5 8 12 14
0 1 5 8 12
0 14

1 7 10 15

0 1 8 10 15 20
0 3 4 5 8 9 10 11 12 14 15 20 23

10 23
0 5 7 8 11 12 14 23
0
0
0 5 8 11 12 14 23
0 5 7 8 11 14 23
0 5 8 11 12 14 23
0 5 7 8 11 12 14 23

0 5

0 5
0 5 12

0 8 14
0 23
0 8

0 8
0 5
0 5
0 5

0 7 8 14 23
0 1 5 7 8 11 12 14 23
0 1 5 7 8 14
14
0
0 5 7 8 14
0 7 8 14
0 5 7 8 12 14

0 7 8 14
0 14
0 8 14
0 5 8 14
0 8
0 8 14
0 5 8 11 14
0 8
0 5 8
0 11
0 5 8 14
0 14
0 5 8
0 8
0 5 8 11 14

0
0 8

5 8 14
0
5
0 7 8 14 23
0 14
0 8 14 23
14
0 7 8
0 5 7 8 12 14 23
0 5 14
0 7 8 14 23
0 5 7 8 14
0
0 5 7 8 11 12 14 23
0 5 7 8 11 12 14 23
0 8 14
0 5 7 8 14
0 7 8 14
0 8 12 14
0 5 8 11 12 14 23
0 5 8 11 14
0 5 8 14
0 5 8 14
0 5 8
0 5 8 11 14 23

0 5 8 11
0
0
0
0 5
0
0
0
0
0
0
0
0
0
0
0
0




0 5
0 5
0 5
0 5
0
0
0
0
0
0
0
0
0
0
0
0
0
0
0
0

0

0







0 5
0 5
0
0
0
0
0
0
0
0
0
0
0

0


0
0
0
0
0
17



22

1 19 20

20 22
4 20 22



19
19



2 4 9 19 20 22
1 2 4 17 20 22
2 4 9 17 20 22
1 2 4 19 22




6 17 20 22
19
22
17
2 4 9 17 22

1 2 3 6 8 9 10 11 13 18 19 20 22 23
1 2 6 9 11 17 23
1 2 4 9 10 13 14 15 17 18 19 20
1 2 3 4 5 8 9 10 11 12 14 15 19 20 22 23
1 2 3 4 6 9 10 11 12 15 17 18 19 20 21
19 20

2 10
10 14 19

1 2 8 10 14
1 2 4 10 14 19 20
4
1 4 9 10 11 15 17 19 20 22 23
6 11 13 17 19 22 23
11 15
6 10 11 15
1 2 4 10 11 19 20 22
1 2 4 5 6 9 10 11 12 14 15 18 19 20 22
19 20
8 10 17 19 20
2 8 10 17 18 19 21

2 18 19
2 4 11 20

2 4 6 8 10 19 20 21


10
13
20

10
2 20
2 4 10 14 19 20 23
1 2 4 7 10 11 14 19 20
1 10
10
20
2 4 10 12 14 19 20 23
1
10 12 14 19
4 10 11 23

12 19
15
2 19 20 22
9 11 18 19 20 22
2 4 6 9 10 18 19 20 21
4 6 21

10 20
10 17
1 4 10 14 20

2 4 8 9 10 11 14 20 21
1 2 10 19 20
2 4 10 11 17 18 19 20 21
2 4 10 13 14 15 17 19
1 2


20
1 4 10 14 21 23
4
4 10 14

1 20
7 20

1 4 10 14 20 23

20
20
3 4 10
4 10 20 23


4 15


1 2 3 4 6 9 10 15 18 19 21
2 3 4 6 9 17 18 19 20 21
1 2 3 4 6 8 9 11 12 13 14 15 18 19 20
2 3 4 6 8 9 10 11 12 13 14 17 18 19 20 21
1 9 10 15 19
9 18 19 20
1 2 3 4 8 9 15 20

10

2 9 10 11 20 21
2 8 10 15 18 19

1

1 2 14

11


15

1 14 15

20 23
1 4 15

2 4 6 9 10 17 18 21

2 3

1 3 8 10 11 14 19 20 21
1 2 4 6 10 11 15 19 20 21
19
2 4 9 10 11 12 14 15 19 20 21 23

19



8 12 14
1 8 14
1 7 8 14
1 8 12

14

7 14



1 7 14 23


1

7 8 14
0 7 8 14 23

4 10
15 20


0 1 8 12 14
0
0 7 8 14 23
0 5 8 11 14
0 5 7 8 11 12 14
0 5 7 8 11 12 14 23
0 7 8 12 14
0 5 7 8 11 12 14
0 5 7 8 12 14
0 5 8 12 14
0 5 8 11 12 14 23
0 8 11
0 5 8 11 14
0 8 11 14
0 5 8 14
0 8 14
0
0 5 8 14
0

0 7 8 14 23
0 7 8 14 23
0 1 7 8 14 23
0 8 14 23
0 5 7 8 11 12 14
0 7 8 11 14
0 5 7 8 12 14
0 5 7 8 14
0 7 8 14 23
0 7 8 12 14
0 5 7 8 14 23
0 5 8 14
0 5 7 8 12 14
0 8 12 14
0 7 8 12 14
0 7 8 12 14
0 5 8 11 14
0 7 8 14
0
0 7 8 14
0 8 12 14
0 8
11
0 14
0 5 8 14
0 8 11
0 8
5
0 14
0 8 11 14
0 5 8 11 14
0 5 8 14
5
0 14

14
0 7 8 14 23
0 7 8 14 23
7
14
0 7 8 14
0 8 14

0 5 7 8 11 14 23
0 5 7 8 11 12 14 23
0 8 14 23
0 14 23
0 7 8 14
0 8 14

8 14
0 5 8
0 14

0 8
0
0 8 14
0
0 5 8 14
0 5 8 11 14
0 5 8
0
0 5 14
0 5 8
0
8

0 8 14
0 8 14
0 11
0
0 11
0

0

0

0

0
0

0
0


0

0

0














0




0
0 5

0

0







0







0
0


0

0



0

0



0












0 5 14

0

0
0
0 14
0




0
