0.0015
40  freq  0.1518
17 37  freq  0.1223
17  freq  0.1525
42  freq  0.1659
41  freq  0.1805
6 11  freq  0.1343
6 21  freq  0.1216
6  freq  0.1834
12 7 32 27 22  freq  0.1243
12 7 32 27  freq  0.1247
12 7 32 37 22  freq  0.1238
12 7 32 37  freq  0.1259
12 7 32 22  freq  0.1365
12 7 32  freq  0.1424
12 7 27 37 22  freq  0.1228
12 7 27 37  freq  0.1233
12 7 27 22  freq  0.1357
12 7 27  freq  0.1396
12 7 37 22  freq  0.1384
12 7 37  freq  0.1444
12 7 22  freq  0.1525
12 7  freq  0.1685
12 32 27 22  freq  0.1288
12 32 27  freq  0.1295
12 32 37 22  freq  0.1271
12 32 37  freq  0.1293
12 32 22  freq  0.1429
12 32  freq  0.1499
12 27 37 22  freq  0.1254
12 27 37  freq  0.1262
12 27 22  freq  0.142
12 27  freq  0.1484
12 37 22  freq  0.1439
12 37  freq  0.1539
12 22  freq  0.1621
12  freq  0.1889
11 21  freq  0.1312
11  freq  0.1922
14 34  freq  0.1231
14  freq  0.1934
36 21  freq  0.1245
36  freq  0.1946
9 19 29  freq  0.1336
9 19 34 4  freq  0.1235
9 19 34  freq  0.1377
9 19 24 4  freq  0.1211
9 19 24  freq  0.1329
9 19 4  freq  0.1446
9 19  freq  0.1616
9 29 34  freq  0.1233
9 29 4  freq  0.1293
9 29  freq  0.1463
9 34 4  freq  0.1353
9 34  freq  0.1539
9 24 4  freq  0.1286
9 24  freq  0.1427
9 4  freq  0.1681
9  freq  0.1963
7 32 27 22  freq  0.1324
7 32 27  freq  0.1333
7 32 37 22  freq  0.1295
7 32 37  freq  0.1322
7 32 22  freq  0.147
7 32  freq  0.158
7 27 37 22  freq  0.1276
7 27 37  freq  0.1281
7 27 22  freq  0.1465
7 27  freq  0.1547
7 37 22  freq  0.1456
7 37  freq  0.1535
7 22  freq  0.1661
7  freq  0.1987
25 20  freq  0.1403
25 5  freq  0.13
25 10  freq  0.129
25  freq  0.1987
32 27 37 22  freq  0.1245
32 27 37  freq  0.1247
32 27 22  freq  0.148
32 27  freq  0.1515
32 37 22  freq  0.141
32 37  freq  0.146
32 22  freq  0.1685
32  freq  0.1994
21 31  freq  0.1365
21 26  freq  0.136
21  freq  0.1994
31  freq  0.1997
19 29 34  freq  0.1329
19 29 24  freq  0.13
19 29 4  freq  0.1324
19 29  freq  0.1594
19 34 24  freq  0.1271
19 34 4  freq  0.1333
19 34  freq  0.1609
19 24 4  freq  0.1343
19 24  freq  0.1618
19 4  freq  0.1609
19  freq  0.1997
30 20  freq  0.142
30 5  freq  0.1231
30 10  freq  0.1269
30  freq  0.1997
26  freq  0.1999
33 18 23 38 28 3 8 13  freq  0.1223
33 18 23 38 28 3 8  freq  0.1259
33 18 23 38 28 3 13  freq  0.1226
33 18 23 38 28 3  freq  0.1262
33 18 23 38 28 8 13  freq  0.1226
33 18 23 38 28 8  freq  0.1262
33 18 23 38 28 13  freq  0.1228
33 18 23 38 28  freq  0.1264
33 18 23 38 3 8 13  freq  0.1235
33 18 23 38 3 8  freq  0.1276
33 18 23 38 3 13  freq  0.1238
33 18 23 38 3  freq  0.1281
33 18 23 38 8 13  freq  0.1245
33 18 23 38 8  freq  0.1286
33 18 23 38 13  freq  0.125
33 18 23 38  freq  0.1295
33 18 23 28 3 8 13 0  freq  0.1226
33 18 23 28 3 8 13  freq  0.1587
33 18 23 28 3 8 0  freq  0.1286
33 18 23 28 3 8  freq  0.1693
33 18 23 28 3 13 0  freq  0.1228
33 18 23 28 3 13  freq  0.159
33 18 23 28 3 0  freq  0.1288
33 18 23 28 3  freq  0.1695
33 18 23 28 8 13 0  freq  0.1233
33 18 23 28 8 13  freq  0.1594
33 18 23 28 8 0  freq  0.1293
33 18 23 28 8  freq  0.17
33 18 23 28 13 0  freq  0.124
33 18 23 28 13  freq  0.1602
33 18 23 28 0  freq  0.1302
33 18 23 28  freq  0.1709
33 18 23 3 8 13 0  freq  0.1235
33 18 23 3 8 13  freq  0.1606
33 18 23 3 8 0  freq  0.1302
33 18 23 3 8  freq  0.1729
33 18 23 3 13 0  freq  0.124
33 18 23 3 13  freq  0.1611
33 18 23 3 0  freq  0.131
33 18 23 3  freq  0.1736
33 18 23 8 13 0  freq  0.125
33 18 23 8 13  freq  0.1621
33 18 23 8 0  freq  0.1317
33 18 23 8  freq  0.1743
33 18 23 13 0  freq  0.1262
33 18 23 13  freq  0.1633
33 18 23 0  freq  0.1338
33 18 23  freq  0.1764
33 18 38 28 3 8 13  freq  0.1259
33 18 38 28 3 8  freq  0.1312
33 18 38 28 3 13  freq  0.1264
33 18 38 28 3  freq  0.1317
33 18 38 28 8 13  freq  0.1264
33 18 38 28 8  freq  0.1317
33 18 38 28 13  freq  0.1269
33 18 38 28  freq  0.1322
33 18 38 3 8 13  freq  0.1281
33 18 38 3 8  freq  0.1341
33 18 38 3 13  freq  0.129
33 18 38 3  freq  0.1353
33 18 38 8 13  freq  0.1298
33 18 38 8  freq  0.136
33 18 38 13  freq  0.131
33 18 38  freq  0.1379
33 18 28 3 8 13 0  freq  0.1271
33 18 28 3 8 13  freq  0.1633
33 18 28 3 8 0  freq  0.135
33 18 28 3 8  freq  0.1757
33 18 28 3 13 0  freq  0.1276
33 18 28 3 13  freq  0.1638
33 18 28 3 0  freq  0.1355
33 18 28 3  freq  0.1762
33 18 28 8 13 0  freq  0.1281
33 18 28 8 13  freq  0.1642
33 18 28 8 0  freq  0.136
33 18 28 8  freq  0.1767
33 18 28 13 0  freq  0.129
33 18 28 13  freq  0.1652
33 18 28 0  freq  0.1372
33 18 28  freq  0.1779
33 18 3 8 13 0  freq  0.1295
33 18 3 8 13  freq  0.1666
33 18 3 8 0  freq  0.1381
33 18 3 8  freq  0.1812
33 18 3 13 0  freq  0.131
33 18 3 13  freq  0.1681
33 18 3 0  freq  0.1398
33 18 3  freq  0.1829
33 18 8 13 0  freq  0.1317
33 18 8 13  freq  0.1688
33 18 8 0  freq  0.1405
33 18 8  freq  0.1836
33 18 13 0  freq  0.1338
33 18 13  freq  0.1709
33 18 0  freq  0.1439
33 18  freq  0.187
33 23 38 28 3 8 13  freq  0.1226
33 23 38 28 3 8  freq  0.1262
33 23 38 28 3 13  freq  0.1228
33 23 38 28 3  freq  0.1264
33 23 38 28 8 13  freq  0.1228
33 23 38 28 8  freq  0.1264
33 23 38 28 13  freq  0.1231
33 23 38 28  freq  0.1266
33 23 38 3 8 13  freq  0.1238
33 23 38 3 8  freq  0.1278
33 23 38 3 13  freq  0.124
33 23 38 3  freq  0.1283
33 23 38 8 13  freq  0.1247
33 23 38 8  freq  0.1288
33 23 38 13  freq  0.1252
33 23 38  freq  0.1298
33 23 28 3 8 13 0  freq  0.1228
33 23 28 3 8 13  freq  0.159
33 23 28 3 8 0  freq  0.1288
33 23 28 3 8  freq  0.1695
33 23 28 3 13 0  freq  0.1231
33 23 28 3 13  freq  0.1592
33 23 28 3 0  freq  0.129
33 23 28 3  freq  0.1697
33 23 28 8 13 0  freq  0.1235
33 23 28 8 13  freq  0.1597
33 23 28 8 0  freq  0.1295
33 23 28 8  freq  0.1702
33 23 28 13 0  freq  0.1243
33 23 28 13  freq  0.1604
33 23 28 0  freq  0.1305
33 23 28  freq  0.1712
33 23 3 8 13 0  freq  0.1238
33 23 3 8 13  freq  0.1609
33 23 3 8 0  freq  0.1305
33 23 3 8  freq  0.1733
33 23 3 13 0  freq  0.1243
33 23 3 13  freq  0.1614
33 23 3 0  freq  0.1312
33 23 3  freq  0.174
33 23 8 13 0  freq  0.1252
33 23 8 13  freq  0.1623
33 23 8 0  freq  0.1319
33 23 8  freq  0.1748
33 23 13 0  freq  0.1264
33 23 13  freq  0.1635
33 23 0  freq  0.1341
33 23  freq  0.1772
33 38 28 3 8 13  freq  0.1269
33 38 28 3 8  freq  0.1326
33 38 28 3 13  freq  0.1276
33 38 28 3  freq  0.1333
33 38 28 8 13  freq  0.1276
33 38 28 8  freq  0.1333
33 38 28 13  freq  0.1293
33 38 28  freq  0.1353
33 38 3 8 13  freq  0.1293
33 38 3 8  freq  0.1362
33 38 3 13  freq  0.131
33 38 3  freq  0.1381
33 38 8 13  freq  0.1317
33 38 8  freq  0.1391
33 38 13  freq  0.1362
33 38 0  freq  0.1262
33 38  freq  0.1463
33 28 3 8 13 0  freq  0.1281
33 28 3 8 13  freq  0.1642
33 28 3 8 0  freq  0.1362
33 28 3 8  freq  0.1774
33 28 3 13 0  freq  0.1288
33 28 3 13  freq  0.165
33 28 3 0  freq  0.1369
33 28 3  freq  0.1781
33 28 8 13 0  freq  0.1293
33 28 8 13  freq  0.1654
33 28 8 0  freq  0.1374
33 28 8  freq  0.1786
33 28 13 0  freq  0.1314
33 28 13  freq  0.1676
33 28 0  freq  0.1401
33 28  freq  0.1812
33 3 8 13 0  freq  0.1305
33 3 8 13  freq  0.1678
33 3 8 0  freq  0.1408
33 3 8  freq  0.1853
33 3 13 0  freq  0.1326
33 3 13  freq  0.17
33 3 0  freq  0.1432
33 3  freq  0.1877
33 8 13 0  freq  0.1336
33 8 13  freq  0.1709
33 8 0  freq  0.1448
33 8  freq  0.1896
33 13 0  freq  0.1396
33 13  freq  0.1769
33 0  freq  0.1544
33  freq  0.2001
29 34  freq  0.1434
29 24  freq  0.1412
29 4  freq  0.1468
29  freq  0.2001
27 37 22  freq  0.1384
27 37  freq  0.1398
27 22  freq  0.1697
27  freq  0.2001
34 24  freq  0.1314
34 4  freq  0.1484
34  freq  0.2001
37 22  freq  0.1642
37  freq  0.2001
22  freq  0.2001
20 35  freq  0.1386
20 5 10  freq  0.1245
20 5  freq  0.1415
20 10  freq  0.1515
20  freq  0.2004
18 23 38 28 3 8 13  freq  0.1238
18 23 38 28 3 8  freq  0.1276
18 23 38 28 3 13  freq  0.1243
18 23 38 28 3  freq  0.1283
18 23 38 28 8 13  freq  0.124
18 23 38 28 8  freq  0.1278
18 23 38 28 13  freq  0.1254
18 23 38 28  freq  0.1298
18 23 38 3 8 13  freq  0.125
18 23 38 3 8  freq  0.1293
18 23 38 3 13  freq  0.1257
18 23 38 3  freq  0.1305
18 23 38 8 13  freq  0.1259
18 23 38 8  freq  0.1302
18 23 38 13  freq  0.1278
18 23 38  freq  0.1331
18 23 28 3 8 13 0  freq  0.1247
18 23 28 3 8 13  freq  0.1616
18 23 28 3 8 0  freq  0.1312
18 23 28 3 8  freq  0.1743
18 23 28 3 13 0  freq  0.1252
18 23 28 3 13  freq  0.1623
18 23 28 3 0  freq  0.1319
18 23 28 3  freq  0.1752
18 23 28 8 13 0  freq  0.1257
18 23 28 8 13  freq  0.1626
18 23 28 8 0  freq  0.1322
18 23 28 8  freq  0.1752
18 23 28 13 0  freq  0.1278
18 23 28 13  freq  0.165
18 23 28 0  freq  0.1355
18 23 28  freq  0.1793
18 23 3 8 13 0  freq  0.1259
18 23 3 8 13  freq  0.164
18 23 3 8 0  freq  0.1331
18 23 3 8  freq  0.1786
18 23 3 13 0  freq  0.1266
18 23 3 13  freq  0.1652
18 23 3 0  freq  0.1345
18 23 3  freq  0.1805
18 23 8 13 0  freq  0.1276
18 23 8 13  freq  0.1657
18 23 8 0  freq  0.135
18 23 8  freq  0.1805
18 23 13 0  freq  0.131
18 23 13  freq  0.1702
18 23 0  freq  0.1408
18 23  freq  0.1882
18 38 28 3 8 13  freq  0.1274
18 38 28 3 8  freq  0.1329
18 38 28 3 13  freq  0.1281
18 38 28 3  freq  0.1338
18 38 28 8 13  freq  0.1278
18 38 28 8  freq  0.1333
18 38 28 13  freq  0.1298
18 38 28  freq  0.1357
18 38 3 8 13  freq  0.1295
18 38 3 8  freq  0.1357
18 38 3 13  freq  0.131
18 38 3  freq  0.1377
18 38 8 13  freq  0.1312
18 38 8  freq  0.1377
18 38 13  freq  0.1348
18 38 0  freq  0.1228
18 38  freq  0.1427
18 28 3 8 13 0  freq  0.1293
18 28 3 8 13  freq  0.1664
18 28 3 8 0  freq  0.1377
18 28 3 8  freq  0.181
18 28 3 13 0  freq  0.13
18 28 3 13  freq  0.1673
18 28 3 0  freq  0.1386
18 28 3  freq  0.1822
18 28 8 13 0  freq  0.1305
18 28 8 13  freq  0.1676
18 28 8 0  freq  0.1389
18 28 8  freq  0.1822
18 28 13 0  freq  0.1331
18 28 13  freq  0.1705
18 28 0  freq  0.1427
18 28  freq  0.1867
18 3 8 13 0  freq  0.1319
18 3 8 13  freq  0.1705
18 3 8 0  freq  0.141
18 3 8  freq  0.1875
18 3 13 0  freq  0.1336
18 3 13  freq  0.1726
18 3 0  freq  0.1434
18 3  freq  0.1903
18 8 13 0  freq  0.1343
18 8 13  freq  0.1729
18 8 0  freq  0.1439
18 8  freq  0.1903
18 13 0  freq  0.1396
18 13  freq  0.1793
18 0  freq  0.152
18  freq  0.2004
24 4  freq  0.1489
24  freq  0.2006
23 38 28 3 8 13  freq  0.124
23 38 28 3 8  freq  0.1278
23 38 28 3 13  freq  0.1245
23 38 28 3  freq  0.1286
23 38 28 8 13  freq  0.1243
23 38 28 8  freq  0.1281
23 38 28 13  freq  0.1257
23 38 28  freq  0.1302
23 38 3 8 13  freq  0.1252
23 38 3 8  freq  0.1295
23 38 3 13  freq  0.1259
23 38 3  freq  0.1307
23 38 8 13  freq  0.1262
23 38 8  freq  0.1307
23 38 13  freq  0.1281
23 38  freq  0.135
23 28 3 8 13 0  freq  0.125
23 28 3 8 13  freq  0.1618
23 28 3 8 0  freq  0.1314
23 28 3 8  freq  0.1745
23 28 3 13 0  freq  0.1254
23 28 3 13  freq  0.1628
23 28 3 0  freq  0.1322
23 28 3  freq  0.176
23 28 8 13 0  freq  0.1259
23 28 8 13  freq  0.1628
23 28 8 0  freq  0.1324
23 28 8  freq  0.1755
23 28 13 0  freq  0.1283
23 28 13  freq  0.1659
23 28 0  freq  0.1377
23 28  freq  0.1824
23 3 8 13 0  freq  0.1262
23 3 8 13  freq  0.1642
23 3 8 0  freq  0.1333
23 3 8  freq  0.1798
23 3 13 0  freq  0.1271
23 3 13  freq  0.1659
23 3 0  freq  0.135
23 3  freq  0.1834
23 8 13 0  freq  0.1278
23 8 13  freq  0.1661
23 8 0  freq  0.1357
23 8  freq  0.1831
23 13 0  freq  0.1317
23 13  freq  0.1721
23 0  freq  0.1458
23  freq  0.2006
38 28 3 8 13  freq  0.1286
38 28 3 8  freq  0.1345
38 28 3 13  freq  0.1298
38 28 3  freq  0.136
38 28 8 13  freq  0.1293
38 28 8  freq  0.1355
38 28 13  freq  0.1326
38 28 0  freq  0.1211
38 28  freq  0.1408
38 3 8 13  freq  0.1322
38 3 8  freq  0.1403
38 3 13  freq  0.1348
38 3 0  freq  0.1219
38 3  freq  0.1436
38 8 13  freq  0.1348
38 8 0  freq  0.1226
38 8  freq  0.1446
38 13 0  freq  0.1264
38 13  freq  0.1475
38 0  freq  0.1551
38  freq  0.2009
28 3 8 13 0  freq  0.1307
28 3 8 13  freq  0.1678
28 3 8 0  freq  0.1393
28 3 8  freq  0.1831
28 3 13 0  freq  0.1317
28 3 13  freq  0.1695
28 3 0  freq  0.1405
28 3  freq  0.1855
28 8 13 0  freq  0.1324
28 8 13  freq  0.1697
28 8 0  freq  0.1417
28 8  freq  0.1858
28 13 0  freq  0.1374
28 13  freq  0.1757
28 0  freq  0.153
28  freq  0.2011
4  freq  0.2013
3 8 13 0  freq  0.1343
3 8 13  freq  0.1736
3 8 0  freq  0.1456
3 8  freq  0.1961
3 13 0  freq  0.1369
3 13  freq  0.1776
3 0  freq  0.1494
3  freq  0.2042
35 5  freq  0.1238
35 10  freq  0.1377
35  freq  0.2049
15  freq  0.2054
8 13 0  freq  0.1381
8 13  freq  0.1779
8 0  freq  0.1527
8  freq  0.2066
5 10  freq  0.1652
5  freq  0.2124
13 0  freq  0.159
13  freq  0.2126
10  freq  0.2159
16  freq  0.2361
39  freq  0.3009
2  freq  0.3129
0  freq  0.3213
1  freq  0.3658