0.0014
40  freq  0.1518
17  freq  0.1525
42  freq  0.1659
41  freq  0.1805
6  freq  0.1834
12 7 37  freq  0.1444
12 7 22  freq  0.1525
12 7  freq  0.1685
12 32  freq  0.1499
12 27  freq  0.1484
12 37 22  freq  0.1439
12 37  freq  0.1539
12 22  freq  0.1621
12  freq  0.1889
11  freq  0.1922
14  freq  0.1934
36  freq  0.1946
9 19 4  freq  0.1446
9 19  freq  0.1616
9 29  freq  0.1463
9 34  freq  0.1539
9 4  freq  0.1681
9  freq  0.1963
7 32 22  freq  0.147
7 32  freq  0.158
7 27 22  freq  0.1465
7 27  freq  0.1547
7 37 22  freq  0.1456
7 37  freq  0.1535
7 22  freq  0.1661
7  freq  0.1987
25  freq  0.1987
32 27 22  freq  0.148
32 27  freq  0.1515
32 37  freq  0.146
32 22  freq  0.1685
32  freq  0.1994
21  freq  0.1994
31  freq  0.1997
19 29  freq  0.1594
19 34  freq  0.1609
19 24  freq  0.1618
19 4  freq  0.1609
19  freq  0.1997
30  freq  0.1997
26  freq  0.1999
33 18 23 28 3 8 13  freq  0.1587
33 18 23 28 3 8  freq  0.1693
33 18 23 28 3 13  freq  0.159
33 18 23 28 3  freq  0.1695
33 18 23 28 8 13  freq  0.1594
33 18 23 28 8  freq  0.17
33 18 23 28 13  freq  0.1602
33 18 23 28  freq  0.1709
33 18 23 3 8 13  freq  0.1606
33 18 23 3 8  freq  0.1729
33 18 23 3 13  freq  0.1611
33 18 23 3  freq  0.1736
33 18 23 8 13  freq  0.1621
33 18 23 8  freq  0.1743
33 18 23 13  freq  0.1633
33 18 23  freq  0.1764
33 18 28 3 8 13  freq  0.1633
33 18 28 3 8  freq  0.1757
33 18 28 3 13  freq  0.1638
33 18 28 3  freq  0.1762
33 18 28 8 13  freq  0.1642
33 18 28 8  freq  0.1767
33 18 28 13  freq  0.1652
33 18 28  freq  0.1779
33 18 3 8 13  freq  0.1666
33 18 3 8  freq  0.1812
33 18 3 13  freq  0.1681
33 18 3  freq  0.1829
33 18 8 13  freq  0.1688
33 18 8  freq  0.1836
33 18 13  freq  0.1709
33 18 0  freq  0.1439
33 18  freq  0.187
33 23 28 3 8 13  freq  0.159
33 23 28 3 8  freq  0.1695
33 23 28 3 13  freq  0.1592
33 23 28 3  freq  0.1697
33 23 28 8 13  freq  0.1597
33 23 28 8  freq  0.1702
33 23 28 13  freq  0.1604
33 23 28  freq  0.1712
33 23 3 8 13  freq  0.1609
33 23 3 8  freq  0.1733
33 23 3 13  freq  0.1614
33 23 3  freq  0.174
33 23 8 13  freq  0.1623
33 23 8  freq  0.1748
33 23 13  freq  0.1635
33 23  freq  0.1772
33 38  freq  0.1463
33 28 3 8 13  freq  0.1642
33 28 3 8  freq  0.1774
33 28 3 13  freq  0.165
33 28 3  freq  0.1781
33 28 8 13  freq  0.1654
33 28 8  freq  0.1786
33 28 13  freq  0.1676
33 28  freq  0.1812
33 3 8 13  freq  0.1678
33 3 8  freq  0.1853
33 3 13  freq  0.17
33 3  freq  0.1877
33 8 13  freq  0.1709
33 8 0  freq  0.1448
33 8  freq  0.1896
33 13  freq  0.1769
33 0  freq  0.1544
33  freq  0.2001
29 34  freq  0.1434
29 4  freq  0.1468
29  freq  0.2001
27 22  freq  0.1697
27  freq  0.2001
34 4  freq  0.1484
34  freq  0.2001
37 22  freq  0.1642
37  freq  0.2001
22  freq  0.2001
20 10  freq  0.1515
20  freq  0.2004
18 23 28 3 8 13  freq  0.1616
18 23 28 3 8  freq  0.1743
18 23 28 3 13  freq  0.1623
18 23 28 3  freq  0.1752
18 23 28 8 13  freq  0.1626
18 23 28 8  freq  0.1752
18 23 28 13  freq  0.165
18 23 28  freq  0.1793
18 23 3 8 13  freq  0.164
18 23 3 8  freq  0.1786
18 23 3 13  freq  0.1652
18 23 3  freq  0.1805
18 23 8 13  freq  0.1657
18 23 8  freq  0.1805
18 23 13  freq  0.1702
18 23  freq  0.1882
18 28 3 8 13  freq  0.1664
18 28 3 8  freq  0.181
18 28 3 13  freq  0.1673
18 28 3  freq  0.1822
18 28 8 13  freq  0.1676
18 28 8  freq  0.1822
18 28 13  freq  0.1705
18 28  freq  0.1867
18 3 8 13  freq  0.1705
18 3 8  freq  0.1875
18 3 13  freq  0.1726
18 3 0  freq  0.1434
18 3  freq  0.1903
18 8 13  freq  0.1729
18 8 0  freq  0.1439
18 8  freq  0.1903
18 13  freq  0.1793
18 0  freq  0.152
18  freq  0.2004
24 4  freq  0.1489
24  freq  0.2006
23 28 3 8 13  freq  0.1618
23 28 3 8  freq  0.1745
23 28 3 13  freq  0.1628
23 28 3  freq  0.176
23 28 8 13  freq  0.1628
23 28 8  freq  0.1755
23 28 13  freq  0.1659
23 28  freq  0.1824
23 3 8 13  freq  0.1642
23 3 8  freq  0.1798
23 3 13  freq  0.1659
23 3  freq  0.1834
23 8 13  freq  0.1661
23 8  freq  0.1831
23 13  freq  0.1721
23 0  freq  0.1458
23  freq  0.2006
38 3  freq  0.1436
38 8  freq  0.1446
38 13  freq  0.1475
38 0  freq  0.1551
38  freq  0.2009
28 3 8 13  freq  0.1678
28 3 8  freq  0.1831
28 3 13  freq  0.1695
28 3  freq  0.1855
28 8 13  freq  0.1697
28 8  freq  0.1858
28 13  freq  0.1757
28 0  freq  0.153
28  freq  0.2011
4  freq  0.2013
3 8 13  freq  0.1736
3 8 0  freq  0.1456
3 8  freq  0.1961
3 13  freq  0.1776
3 0  freq  0.1494
3  freq  0.2042
35  freq  0.2049
15  freq  0.2054
8 13  freq  0.1779
8 0  freq  0.1527
8  freq  0.2066
5 10  freq  0.1652
5  freq  0.2124
13 0  freq  0.159
13  freq  0.2126
10  freq  0.2159
16  freq  0.2361
39  freq  0.3009
2  freq  0.3129
0  freq  0.3213
1  freq  0.3658