0.0008
5 14 8  freq  0.1511
5 14  freq  0.1588
5 8  freq  0.1577
5  freq  0.1798
0 14 8  freq  0.1452
0 14  freq  0.1612
0 8  freq  0.167
0  freq  0.2621
23 14  freq  0.1538
23 8  freq  0.1456
23  freq  0.1713
2 19  freq  0.146
2  freq  0.1751
9  freq  0.16
3 10  freq  0.1511
3 12  freq  0.1464
3 1  freq  0.1472
3 14  freq  0.1441
3 8  freq  0.1495
3  freq  0.1693
19 20 10  freq  0.1565
19 20  freq  0.2058
19 15  freq  0.146
19 10  freq  0.1934
19 12  freq  0.1437
19 1  freq  0.1643
19  freq  0.2761
20 15  freq  0.1557
20 11  freq  0.1468
20 10 1  freq  0.1487
20 10  freq  0.2004
20 12  freq  0.1635
20 1  freq  0.1755
20 14  freq  0.155
20 8  freq  0.1631
20  freq  0.2792
15 11 10  freq  0.1487
15 11 1  freq  0.1476
15 11 14  freq  0.1437
15 11 8  freq  0.1437
15 11  freq  0.165
15 10 12 1  freq  0.1515
15 10 12 8  freq  0.1499
15 10 12  freq  0.165
15 10 1 14  freq  0.1495
15 10 1 8  freq  0.1538
15 10 1  freq  0.1806
15 10 14 8  freq  0.1441
15 10 14  freq  0.1643
15 10 8  freq  0.1697
15 10  freq  0.2089
15 12 1 14  freq  0.1437
15 12 1 8  freq  0.1511
15 12 1  freq  0.1685
15 12 14 8  freq  0.1437
15 12 14  freq  0.1546
15 12 8  freq  0.1623
15 12  freq  0.1849
15 1 14 8  freq  0.1437
15 1 14  freq  0.1635
15 1 8  freq  0.1682
15 1  freq  0.212
15 14 8  freq  0.1546
15 14  freq  0.1825
15 8  freq  0.1868
15  freq  0.2633
11 10 12 1  freq  0.1452
11 10 12 14  freq  0.1476
11 10 12 8  freq  0.1515
11 10 12  freq  0.1604
11 10 1 14  freq  0.1499
11 10 1 8  freq  0.1495
11 10 1  freq  0.1689
11 10 14 8  freq  0.1526
11 10 14  freq  0.1674
11 10 8  freq  0.167
11 10  freq  0.195
11 12 1 14 8  freq  0.1499
11 12 1 14  freq  0.1561
11 12 1 8  freq  0.1616
11 12 1  freq  0.1713
11 12 14 8  freq  0.2027
11 12 14  freq  0.2117
11 12 8  freq  0.2163
11 12  freq  0.2299
11 1 14 8  freq  0.1604
11 1 14  freq  0.1744
11 1 8  freq  0.1755
11 1  freq  0.2008
11 14 8  freq  0.2346
11 14  freq  0.2536
11 8  freq  0.2559
11  freq  0.3029
10 12 1 14 8  freq  0.1534
10 12 1 14  freq  0.1619
10 12 1 8  freq  0.1724
10 12 1  freq  0.1911
10 12 14 8  freq  0.1674
10 12 14  freq  0.1794
10 12 8  freq  0.1891
10 12  freq  0.2175
10 1 14 8  freq  0.1658
10 1 14  freq  0.1907
10 1 8  freq  0.195
10 1  freq  0.2501
10 14 8  freq  0.1845
10 14  freq  0.2229
10 8  freq  0.2229
10  freq  0.3417
12 1 14 8  freq  0.1915
12 1 14  freq  0.2047
12 1 8  freq  0.2159
12 1  freq  0.2439
12 14 8  freq  0.2691
12 14  freq  0.292
12 8  freq  0.301
12  freq  0.355
1 14 8  freq  0.2171
1 14  freq  0.2555
1 8  freq  0.2598
1  freq  0.3573
14 8  freq  0.3522
14  freq  0.435
8  freq  0.4381