0.0005
0  freq  0.2621
19 20  freq  0.2058
19 10  freq  0.1934
19  freq  0.2761
20 10  freq  0.2004
20  freq  0.2792
15 10  freq  0.2089
15 1  freq  0.212
15  freq  0.2633
11 10  freq  0.195
11 12 14 8  freq  0.2027
11 12 14  freq  0.2117
11 12 8  freq  0.2163
11 12  freq  0.2299
11 1  freq  0.2008
11 14 8  freq  0.2346
11 14  freq  0.2536
11 8  freq  0.2559
11  freq  0.3029
10 12 1  freq  0.1911
10 12 8  freq  0.1891
10 12  freq  0.2175
10 1 14  freq  0.1907
10 1 8  freq  0.195
10 1  freq  0.2501
10 14  freq  0.2229
10 8  freq  0.2229
10  freq  0.3417
12 1 14 8  freq  0.1915
12 1 14  freq  0.2047
12 1 8  freq  0.2159
12 1  freq  0.2439
12 14 8  freq  0.2691
12 14  freq  0.292
12 8  freq  0.301
12  freq  0.355
1 14 8  freq  0.2171
1 14  freq  0.2555
1 8  freq  0.2598
1  freq  0.3573
14 8  freq  0.3522
14  freq  0.435
8  freq  0.4381