0.0006
5 14 8  freq  0.1511
0 14 8  freq  0.1452
23 14  freq  0.1538
23 8  freq  0.1456
2 19  freq  0.146
9  freq  0.16
3 10  freq  0.1511
3 12  freq  0.1464
3 1  freq  0.1472
3 14  freq  0.1441
3 8  freq  0.1495
19 20 10  freq  0.1565
19 15  freq  0.146
19 12  freq  0.1437
19 1  freq  0.1643
20 15  freq  0.1557
20 11  freq  0.1468
20 10 1  freq  0.1487
20 12  freq  0.1635
20 14  freq  0.155
20 8  freq  0.1631
15 11 10  freq  0.1487
15 11 1  freq  0.1476
15 11 14  freq  0.1437
15 11 8  freq  0.1437
15 10 12 1  freq  0.1515
15 10 12 8  freq  0.1499
15 10 1 14  freq  0.1495
15 10 1 8  freq  0.1538
15 10 14 8  freq  0.1441
15 12 1 14  freq  0.1437
15 12 1 8  freq  0.1511
15 12 14 8  freq  0.1437
15 1 14 8  freq  0.1437
11 10 12 1  freq  0.1452
11 10 12 14  freq  0.1476
11 10 12 8  freq  0.1515
11 10 1 14  freq  0.1499
11 10 1 8  freq  0.1495
11 10 14 8  freq  0.1526
11 12 1 14 8  freq  0.1499
10 12 1 14 8  freq  0.1534