0.0006
18 19  freq  0.099
4 19  freq  0.1006
4 10  freq  0.1002
5 0 14  freq  0.1014
5 0 8  freq  0.1017
5 11 12 14 8  freq  0.1041
0 23 14  freq  0.1029
0 23 8  freq  0.1014
0 11 14 8  freq  0.101
0 12 14  freq  0.1014
0 12 8  freq  0.1002
23 11 12 14  freq  0.1006
23 11 14 8  freq  0.108
23 12 14 8  freq  0.1126
23 1 14  freq  0.099
2 19 20  freq  0.1188
2 19 10  freq  0.1103
9 19 20  freq  0.1087
9 19 10  freq  0.106
9 19 1  freq  0.1006
9 20 10  freq  0.1087
9 20 1  freq  0.1006
9 15 10  freq  0.0998
9 15 1  freq  0.1014
9 11  freq  0.106
9 10 12  freq  0.0994
9 10 1  freq  0.1064
9 10 8  freq  0.1041
9 1 8  freq  0.0998
9 14  freq  0.1029
3 20 10  freq  0.099
3 15 11 10 12 14  freq  0.1002
3 15 11 10 12 8  freq  0.1021
3 15 11 10 1 8  freq  0.0994
3 15 11 10 14 8  freq  0.1006
3 15 11 12 1 8  freq  0.0998
3 15 11 12 14 8  freq  0.1021
3 15 11 1 14  freq  0.1021
3 15 10 12 1 14  freq  0.1002
3 15 10 12 1 8  freq  0.1029
3 15 10 12 14 8  freq  0.1033
3 15 10 1 14 8  freq  0.1006
3 15 12 1 14 8  freq  0.1025
3 11 10 12 1 14 8  freq  0.1006
19 20 15 10  freq  0.1052
19 20 11  freq  0.1076
19 20 10 12  freq  0.1045
19 20 10 1  freq  0.1146
19 20 10 8  freq  0.1021
19 20 12 1  freq  0.1002
19 20 12 8  freq  0.0994
19 20 14  freq  0.1115
19 15 10 1  freq  0.0994
19 15 12  freq  0.1017
19 15 8  freq  0.1017
19 11 10  freq  0.1049
19 11 1  freq  0.099
19 10 12 1  freq  0.0994
19 10 1 8  freq  0.099
19 10 14  freq  0.1115
19 12 14  freq  0.099
19 1 14  freq  0.1014
19 14 8  freq  0.1017
20 15 11  freq  0.1052
20 15 10 12  freq  0.1033
20 15 10 1  freq  0.1126
20 15 10 14  freq  0.099
20 15 10 8  freq  0.1064
20 15 12 1  freq  0.1006
20 15 1 8  freq  0.1006
20 11 10 12  freq  0.099
20 11 10 1  freq  0.1037
20 11 10 14  freq  0.1021
20 11 10 8  freq  0.1049
20 11 12 14  freq  0.0994
20 11 12 8  freq  0.106
20 11 1 8  freq  0.0994
20 11 14 8  freq  0.1052
20 10 12 1 8  freq  0.1002
20 10 12 14  freq  0.1014
20 10 1 14  freq  0.1068
20 10 14 8  freq  0.106
20 12 14 8  freq  0.1115
20 1 14 8  freq  0.1002
15 11 10 12 1 14 8  freq  0.1099