0.0016
40  freq  0.1518
17 12 7 32 27 37 22  freq  0.0831
17 12 7 32 27 22  freq  0.0847
17 12 7 32 37 22  freq  0.0895
17 12 7 32 37  freq  0.09
17 12 7 32 22  freq  0.0917
17 12 7 32  freq  0.0927
17 12 7 27 37 22  freq  0.0871
17 12 7 27 37  freq  0.0874
17 12 7 27 22  freq  0.0891
17 12 7 27  freq  0.0893
17 12 7 37 22  freq  0.0955
17 12 7 37  freq  0.0967
17 12 7 22  freq  0.0982
17 12 7  freq  0.1001
17 12 32 27 37 22  freq  0.0838
17 12 32 27 22  freq  0.0862
17 12 32 27  freq  0.0864
17 12 32 37 22  freq  0.0912
17 12 32 37  freq  0.0917
17 12 32 22  freq  0.0943
17 12 32  freq  0.0955
17 12 27 37 22  freq  0.0883
17 12 27 37  freq  0.0886
17 12 27 22  freq  0.0912
17 12 27  freq  0.0917
17 12 37 22  freq  0.0986
17 12 37  freq  0.1015
17 12 22  freq  0.1025
17 12  freq  0.1065
17 7 32 27 37 22  freq  0.0855
17 7 32 27 22  freq  0.0881
17 7 32 37 22  freq  0.0929
17 7 32 37  freq  0.0938
17 7 32 22  freq  0.0962
17 7 32  freq  0.0984
17 7 27 37 22  freq  0.09
17 7 27 37  freq  0.0903
17 7 27 22  freq  0.0931
17 7 27  freq  0.0936
17 7 37 22  freq  0.0996
17 7 37  freq  0.1017
17 7 22  freq  0.1037
17 7  freq  0.108
17 32 27 37 22  freq  0.0905
17 32 27 37  freq  0.0907
17 32 27 22  freq  0.095
17 32 27  freq  0.096
17 32 37 22  freq  0.0998
17 32 37  freq  0.102
17 32 22  freq  0.1056
17 32  freq  0.1128
17 27 37 22  freq  0.096
17 27 37  freq  0.0967
17 27 22  freq  0.1013
17 27  freq  0.1039
17 37 22  freq  0.1106
17 37  freq  0.1223
17 22  freq  0.1173
17  freq  0.1525
42  freq  0.1659
41 2  freq  0.0785
41 1  freq  0.0821
41  freq  0.1805
6 11 36  freq  0.0838
6 11 21  freq  0.0979
6 11 31  freq  0.0814
6 11 26  freq  0.0847
6 11  freq  0.1343
6 36 21  freq  0.0795
6 36  freq  0.1032
6 21 31  freq  0.0876
6 21 26  freq  0.0883
6 21  freq  0.1216
6 31  freq  0.1068
6 26  freq  0.1087
6 16  freq  0.0922
6 2  freq  0.0788
6 1  freq  0.0881
6  freq  0.1834
12 7 32 27 37 22  freq  0.1125
12 7 32 27 22  freq  0.1243
12 7 32 27  freq  0.1247
12 7 32 37 22  freq  0.1238
12 7 32 37  freq  0.1259
12 7 32 22  freq  0.1365
12 7 32  freq  0.1424
12 7 27 37 22  freq  0.1228
12 7 27 37  freq  0.1233
12 7 27 22  freq  0.1357
12 7 27  freq  0.1396
12 7 37 22  freq  0.1384
12 7 37  freq  0.1444
12 7 22  freq  0.1525
12 7 2  freq  0.0831
12 7 1  freq  0.0824
12 7  freq  0.1685
12 32 27 37 22  freq  0.1144
12 32 27 22  freq  0.1288
12 32 27  freq  0.1295
12 32 37 22  freq  0.1271
12 32 37  freq  0.1293
12 32 22  freq  0.1429
12 32  freq  0.1499
12 27 37 22  freq  0.1254
12 27 37  freq  0.1262
12 27 22  freq  0.142
12 27  freq  0.1484
12 37 22  freq  0.1439
12 37 2  freq  0.0776
12 37  freq  0.1539
12 22 2  freq  0.0804
12 22 1  freq  0.0792
12 22  freq  0.1621
12 2  freq  0.0941
12 1  freq  0.0917
12  freq  0.1889
11 36 21  freq  0.0886
11 36  freq  0.1164
11 21 31  freq  0.0907
11 21 26  freq  0.0943
11 21  freq  0.1312
11 31  freq  0.1087
11 26  freq  0.112
11 16  freq  0.0984
11 2  freq  0.0816
11 1  freq  0.095
11  freq  0.1922
14 9 19 29 34  freq  0.0778
14 9 19 29  freq  0.0838
14 9 19 34 4  freq  0.0804
14 9 19 34  freq  0.0907
14 9 19 24  freq  0.0778
14 9 19 4  freq  0.0867
14 9 19  freq  0.0982
14 9 29 34  freq  0.0809
14 9 29 4  freq  0.078
14 9 29  freq  0.0888
14 9 34 4  freq  0.0857
14 9 34  freq  0.0982
14 9 24  freq  0.08
14 9 4  freq  0.0946
14 9  freq  0.1096
14 19 29 34  freq  0.0883
14 19 29 24  freq  0.0802
14 19 29 4  freq  0.0826
14 19 29  freq  0.0998
14 19 34 24  freq  0.0816
14 19 34 4  freq  0.0874
14 19 34  freq  0.1051
14 19 24 4  freq  0.0785
14 19 24  freq  0.0948
14 19 4  freq  0.0972
14 19  freq  0.1202
14 29 34 4  freq  0.078
14 29 34  freq  0.0936
14 29 24  freq  0.0824
14 29 4  freq  0.0881
14 29  freq  0.1154
14 34 24  freq  0.0833
14 34 4  freq  0.0941
14 34  freq  0.1231
14 24 4  freq  0.0821
14 24  freq  0.1041
14 4  freq  0.1089
14 39  freq  0.0919
14 0  freq  0.0881
14  freq  0.1934
36 21 31  freq  0.0852
36 21 26  freq  0.0847
36 21  freq  0.1245
36 31  freq  0.101
36 26  freq  0.0919
36 16  freq  0.1142
36 2  freq  0.0847
36 1  freq  0.0946
36  freq  0.1946
9 19 29 34 24 4  freq  0.0883
9 19 29 34 24  freq  0.0955
9 19 29 34 4  freq  0.1053
9 19 29 34  freq  0.1164
9 19 29 24 4  freq  0.1022
9 19 29 24  freq  0.1111
9 19 29 4  freq  0.1204
9 19 29  freq  0.1336
9 19 34 24 4  freq  0.1013
9 19 34 24  freq  0.1106
9 19 34 4  freq  0.1235
9 19 34  freq  0.1377
9 19 24 4  freq  0.1211
9 19 24  freq  0.1329
9 19 4  freq  0.1446
9 19 0  freq  0.0804
9 19  freq  0.1616
9 29 34 24 4  freq  0.0895
9 29 34 24  freq  0.0967
9 29 34 4  freq  0.1106
9 29 34  freq  0.1233
9 29 24 4  freq  0.1058
9 29 24  freq  0.1154
9 29 4  freq  0.1293
9 29  freq  0.1463
9 34 24 4  freq  0.1037
9 34 24  freq  0.1132
9 34 4  freq  0.1353
9 34 0  freq  0.0773
9 34  freq  0.1539
9 24 4  freq  0.1286
9 24  freq  0.1427
9 4 0  freq  0.0795
9 4  freq  0.1681
9 39  freq  0.0859
9 0  freq  0.0934
9  freq  0.1963
7 32 27 37 22  freq  0.1164
7 32 27 22  freq  0.1324
7 32 27  freq  0.1333
7 32 37 22  freq  0.1295
7 32 37  freq  0.1322
7 32 22  freq  0.147
7 32 2  freq  0.0804
7 32  freq  0.158
7 27 37 22  freq  0.1276
7 27 37  freq  0.1281
7 27 22  freq  0.1465
7 27 1  freq  0.078
7 27  freq  0.1547
7 37 22  freq  0.1456
7 37  freq  0.1535
7 22 2  freq  0.0816
7 22 1  freq  0.0816
7 22  freq  0.1661
7 16  freq  0.0771
7 2  freq  0.0967
7 1  freq  0.0974
7  freq  0.1987
25 30 20  freq  0.0974
25 30 5  freq  0.0816
25 30 10  freq  0.0826
25 30  freq  0.1104
25 20 35 10  freq  0.0802
25 20 35  freq  0.0929
25 20 5 10  freq  0.0927
25 20 5  freq  0.1053
25 20 10  freq  0.1089
25 20  freq  0.1403
25 35 5  freq  0.0771
25 35 10  freq  0.0838
25 35  freq  0.0998
25 15  freq  0.0816
25 5 10  freq  0.1085
25 5  freq  0.13
25 10  freq  0.129
25  freq  0.1987
32 27 37 22  freq  0.1245
32 27 37  freq  0.1247
32 27 22  freq  0.148
32 27  freq  0.1515
32 37 22  freq  0.141
32 37  freq  0.146
32 22 2  freq  0.0838
32 22 1  freq  0.0821
32 22  freq  0.1685
32 2  freq  0.0986
32 1  freq  0.0972
32  freq  0.1994
21 31 26  freq  0.0903
21 31 16  freq  0.0771
21 31  freq  0.1365
21 26  freq  0.136
21 16  freq  0.1087
21 2  freq  0.0891
21 1  freq  0.0972
21  freq  0.1994
31 26  freq  0.1056
31 16  freq  0.1061
31 2  freq  0.0859
31 1  freq  0.0989
31  freq  0.1997
19 29 34 24 4  freq  0.0936
19 29 34 24  freq  0.1065
19 29 34 4  freq  0.113
19 29 34  freq  0.1329
19 29 24 4  freq  0.1118
19 29 24  freq  0.13
19 29 4  freq  0.1324
19 29 39  freq  0.0771
19 29 0  freq  0.0833
19 29  freq  0.1594
19 34 24 4  freq  0.1085
19 34 24  freq  0.1271
19 34 4  freq  0.1333
19 34 39  freq  0.0795
19 34 0  freq  0.0826
19 34  freq  0.1609
19 24 4  freq  0.1343
19 24 0  freq  0.0833
19 24  freq  0.1618
19 4 0  freq  0.0788
19 4  freq  0.1609
19 39  freq  0.0922
19 0  freq  0.1013
19  freq  0.1997
30 20 35 10  freq  0.0788
30 20 35  freq  0.0972
30 20 5 10  freq  0.0912
30 20 5  freq  0.1027
30 20 10  freq  0.1085
30 20  freq  0.142
30 35 5  freq  0.079
30 35 10  freq  0.0871
30 35  freq  0.1152
30 15  freq  0.0938
30 5 10  freq  0.1046
30 5  freq  0.1231
30 10  freq  0.1269
30 1  freq  0.084
30  freq  0.1997
26 16  freq  0.0953
26 2  freq  0.0876
26 1  freq  0.0958
26  freq  0.1999
33 18 23 38 28 3 8 13 0  freq  0.1044
33 18 23 38 28 3 8 13  freq  0.1223
33 18 23 38 28 3 8 0  freq  0.1075
33 18 23 38 28 3 8  freq  0.1259
33 18 23 38 28 3 13 0  freq  0.1046
33 18 23 38 28 3 13  freq  0.1226
33 18 23 38 28 3 0  freq  0.1077
33 18 23 38 28 3  freq  0.1262
33 18 23 38 28 8 13 0  freq  0.1046
33 18 23 38 28 8 13  freq  0.1226
33 18 23 38 28 8 0  freq  0.1077
33 18 23 38 28 8  freq  0.1262
33 18 23 38 28 13 0  freq  0.1049
33 18 23 38 28 13  freq  0.1228
33 18 23 38 28 0  freq  0.108
33 18 23 38 28  freq  0.1264
33 18 23 38 3 8 13 0  freq  0.1053
33 18 23 38 3 8 13  freq  0.1235
33 18 23 38 3 8 0  freq  0.1085
33 18 23 38 3 8  freq  0.1276
33 18 23 38 3 13 0  freq  0.1056
33 18 23 38 3 13  freq  0.1238
33 18 23 38 3 0  freq  0.1089
33 18 23 38 3  freq  0.1281
33 18 23 38 8 13 0  freq  0.1063
33 18 23 38 8 13  freq  0.1245
33 18 23 38 8 0  freq  0.1094
33 18 23 38 8  freq  0.1286
33 18 23 38 13 0  freq  0.1068
33 18 23 38 13  freq  0.125
33 18 23 38 0  freq  0.1104
33 18 23 38  freq  0.1295
33 18 23 28 3 8 13 0  freq  0.1226
33 18 23 28 3 8 13  freq  0.1587
33 18 23 28 3 8 0  freq  0.1286
33 18 23 28 3 8  freq  0.1693
33 18 23 28 3 13 0  freq  0.1228
33 18 23 28 3 13  freq  0.159
33 18 23 28 3 0  freq  0.1288
33 18 23 28 3  freq  0.1695
33 18 23 28 8 13 0  freq  0.1233
33 18 23 28 8 13  freq  0.1594
33 18 23 28 8 0  freq  0.1293
33 18 23 28 8  freq  0.17
33 18 23 28 13 0  freq  0.124
33 18 23 28 13  freq  0.1602
33 18 23 28 0  freq  0.1302
33 18 23 28  freq  0.1709
33 18 23 3 8 13 0  freq  0.1235
33 18 23 3 8 13  freq  0.1606
33 18 23 3 8 0  freq  0.1302
33 18 23 3 8  freq  0.1729
33 18 23 3 13 0  freq  0.124
33 18 23 3 13  freq  0.1611
33 18 23 3 0  freq  0.131
33 18 23 3  freq  0.1736
33 18 23 8 13 0  freq  0.125
33 18 23 8 13  freq  0.1621
33 18 23 8 0  freq  0.1317
33 18 23 8  freq  0.1743
33 18 23 13 0  freq  0.1262
33 18 23 13  freq  0.1633
33 18 23 0  freq  0.1338
33 18 23  freq  0.1764
33 18 38 28 3 8 13 0  freq  0.108
33 18 38 28 3 8 13  freq  0.1259
33 18 38 28 3 8 0  freq  0.1128
33 18 38 28 3 8  freq  0.1312
33 18 38 28 3 13 0  freq  0.1085
33 18 38 28 3 13  freq  0.1264
33 18 38 28 3 0  freq  0.1132
33 18 38 28 3  freq  0.1317
33 18 38 28 8 13 0  freq  0.1085
33 18 38 28 8 13  freq  0.1264
33 18 38 28 8 0  freq  0.1132
33 18 38 28 8  freq  0.1317
33 18 38 28 13 0  freq  0.1089
33 18 38 28 13  freq  0.1269
33 18 38 28 0  freq  0.1137
33 18 38 28  freq  0.1322
33 18 38 3 8 13 0  freq  0.1099
33 18 38 3 8 13  freq  0.1281
33 18 38 3 8 0  freq  0.1147
33 18 38 3 8  freq  0.1341
33 18 38 3 13 0  freq  0.1108
33 18 38 3 13  freq  0.129
33 18 38 3 0  freq  0.1159
33 18 38 3  freq  0.1353
33 18 38 8 13 0  freq  0.1116
33 18 38 8 13  freq  0.1298
33 18 38 8 0  freq  0.1166
33 18 38 8  freq  0.136
33 18 38 13 0  freq  0.1128
33 18 38 13  freq  0.131
33 18 38 0  freq  0.1185
33 18 38  freq  0.1379
33 18 28 3 8 13 0  freq  0.1271
33 18 28 3 8 13  freq  0.1633
33 18 28 3 8 0  freq  0.135
33 18 28 3 8  freq  0.1757
33 18 28 3 13 0  freq  0.1276
33 18 28 3 13  freq  0.1638
33 18 28 3 0  freq  0.1355
33 18 28 3  freq  0.1762
33 18 28 8 13 0  freq  0.1281
33 18 28 8 13  freq  0.1642
33 18 28 8 0  freq  0.136
33 18 28 8  freq  0.1767
33 18 28 13 0  freq  0.129
33 18 28 13  freq  0.1652
33 18 28 0  freq  0.1372
33 18 28  freq  0.1779
33 18 3 8 13 0  freq  0.1295
33 18 3 8 13  freq  0.1666
33 18 3 8 0  freq  0.1381
33 18 3 8  freq  0.1812
33 18 3 13 0  freq  0.131
33 18 3 13  freq  0.1681
33 18 3 0  freq  0.1398
33 18 3  freq  0.1829
33 18 8 13 0  freq  0.1317
33 18 8 13  freq  0.1688
33 18 8 0  freq  0.1405
33 18 8  freq  0.1836
33 18 13 0  freq  0.1338
33 18 13  freq  0.1709
33 18 0  freq  0.1439
33 18  freq  0.187
33 23 38 28 3 8 13 0  freq  0.1046
33 23 38 28 3 8 13  freq  0.1226
33 23 38 28 3 8 0  freq  0.1077
33 23 38 28 3 8  freq  0.1262
33 23 38 28 3 13 0  freq  0.1049
33 23 38 28 3 13  freq  0.1228
33 23 38 28 3 0  freq  0.108
33 23 38 28 3  freq  0.1264
33 23 38 28 8 13 0  freq  0.1049
33 23 38 28 8 13  freq  0.1228
33 23 38 28 8 0  freq  0.108
33 23 38 28 8  freq  0.1264
33 23 38 28 13 0  freq  0.1051
33 23 38 28 13  freq  0.1231
33 23 38 28 0  freq  0.1082
33 23 38 28  freq  0.1266
33 23 38 3 8 13 0  freq  0.1056
33 23 38 3 8 13  freq  0.1238
33 23 38 3 8 0  freq  0.1087
33 23 38 3 8  freq  0.1278
33 23 38 3 13 0  freq  0.1058
33 23 38 3 13  freq  0.124
33 23 38 3 0  freq  0.1092
33 23 38 3  freq  0.1283
33 23 38 8 13 0  freq  0.1065
33 23 38 8 13  freq  0.1247
33 23 38 8 0  freq  0.1096
33 23 38 8  freq  0.1288
33 23 38 13 0  freq  0.107
33 23 38 13  freq  0.1252
33 23 38 0  freq  0.1106
33 23 38  freq  0.1298
33 23 28 3 8 13 0  freq  0.1228
33 23 28 3 8 13  freq  0.159
33 23 28 3 8 0  freq  0.1288
33 23 28 3 8  freq  0.1695
33 23 28 3 13 0  freq  0.1231
33 23 28 3 13  freq  0.1592
33 23 28 3 0  freq  0.129
33 23 28 3  freq  0.1697
33 23 28 8 13 0  freq  0.1235
33 23 28 8 13  freq  0.1597
33 23 28 8 0  freq  0.1295
33 23 28 8  freq  0.1702
33 23 28 13 0  freq  0.1243
33 23 28 13  freq  0.1604
33 23 28 0  freq  0.1305
33 23 28  freq  0.1712
33 23 3 8 13 0  freq  0.1238
33 23 3 8 13  freq  0.1609
33 23 3 8 0  freq  0.1305
33 23 3 8  freq  0.1733
33 23 3 13 0  freq  0.1243
33 23 3 13  freq  0.1614
33 23 3 0  freq  0.1312
33 23 3  freq  0.174
33 23 8 13 0  freq  0.1252
33 23 8 13  freq  0.1623
33 23 8 0  freq  0.1319
33 23 8  freq  0.1748
33 23 13 0  freq  0.1264
33 23 13  freq  0.1635
33 23 0  freq  0.1341
33 23  freq  0.1772
33 38 28 3 8 13 0  freq  0.1089
33 38 28 3 8 13  freq  0.1269
33 38 28 3 8 0  freq  0.114
33 38 28 3 8  freq  0.1326
33 38 28 3 13 0  freq  0.1096
33 38 28 3 13  freq  0.1276
33 38 28 3 0  freq  0.1147
33 38 28 3  freq  0.1333
33 38 28 8 13 0  freq  0.1096
33 38 28 8 13  freq  0.1276
33 38 28 8 0  freq  0.1147
33 38 28 8  freq  0.1333
33 38 28 13 0  freq  0.1113
33 38 28 13  freq  0.1293
33 38 28 0  freq  0.1166
33 38 28  freq  0.1353
33 38 3 8 13 0  freq  0.1108
33 38 3 8 13  freq  0.1293
33 38 3 8 0  freq  0.1164
33 38 3 8  freq  0.1362
33 38 3 13 0  freq  0.1125
33 38 3 13  freq  0.131
33 38 3 0  freq  0.1183
33 38 3  freq  0.1381
33 38 8 13 0  freq  0.1132
33 38 8 13  freq  0.1317
33 38 8 0  freq  0.1192
33 38 8  freq  0.1391
33 38 13 0  freq  0.1178
33 38 13  freq  0.1362
33 38 0  freq  0.1262
33 38  freq  0.1463
33 28 3 8 13 0  freq  0.1281
33 28 3 8 13  freq  0.1642
33 28 3 8 0  freq  0.1362
33 28 3 8  freq  0.1774
33 28 3 13 0  freq  0.1288
33 28 3 13  freq  0.165
33 28 3 0  freq  0.1369
33 28 3  freq  0.1781
33 28 8 13 0  freq  0.1293
33 28 8 13  freq  0.1654
33 28 8 0  freq  0.1374
33 28 8  freq  0.1786
33 28 13 0  freq  0.1314
33 28 13  freq  0.1676
33 28 0  freq  0.1401
33 28  freq  0.1812
33 3 8 13 0  freq  0.1305
33 3 8 13  freq  0.1678
33 3 8 0  freq  0.1408
33 3 8  freq  0.1853
33 3 13 0  freq  0.1326
33 3 13  freq  0.17
33 3 0  freq  0.1432
33 3  freq  0.1877
33 8 13 0  freq  0.1336
33 8 13  freq  0.1709
33 8 0  freq  0.1448
33 8  freq  0.1896
33 13 0  freq  0.1396
33 13  freq  0.1769
33 0  freq  0.1544
33  freq  0.2001
29 34 24 4  freq  0.0948
29 34 24  freq  0.108
29 34 4  freq  0.1192
29 34  freq  0.1434
29 24 4  freq  0.118
29 24  freq  0.1412
29 4  freq  0.1468
29 39  freq  0.0927
29 0  freq  0.1027
29  freq  0.2001
27 37 22  freq  0.1384
27 37  freq  0.1398
27 22 2  freq  0.0797
27 22 1  freq  0.0871
27 22  freq  0.1697
27 16  freq  0.0804
27 2  freq  0.0922
27 1  freq  0.1032
27  freq  0.2001
34 24 4  freq  0.1113
34 24  freq  0.1314
34 4  freq  0.1484
34 39  freq  0.0967
34 0  freq  0.097
34  freq  0.2001
37 22 2  freq  0.0809
37 22 1  freq  0.08
37 22  freq  0.1642
37 2  freq  0.0986
37 1  freq  0.097
37  freq  0.2001
22 2  freq  0.097
22 1  freq  0.0994
22  freq  0.2001
20 35 5 10  freq  0.0927
20 35 5  freq  0.101
20 35 10  freq  0.1132
20 35  freq  0.1386
20 15  freq  0.0986
20 5 10  freq  0.1245
20 5  freq  0.1415
20 10  freq  0.1515
20 39  freq  0.0802
20 1  freq  0.0838
20  freq  0.2004
18 23 38 28 3 8 13 0  freq  0.1056
18 23 38 28 3 8 13  freq  0.1238
18 23 38 28 3 8 0  freq  0.1089
18 23 38 28 3 8  freq  0.1276
18 23 38 28 3 13 0  freq  0.1061
18 23 38 28 3 13  freq  0.1243
18 23 38 28 3 0  freq  0.1096
18 23 38 28 3  freq  0.1283
18 23 38 28 8 13 0  freq  0.1058
18 23 38 28 8 13  freq  0.124
18 23 38 28 8 0  freq  0.1092
18 23 38 28 8  freq  0.1278
18 23 38 28 13 0  freq  0.1073
18 23 38 28 13  freq  0.1254
18 23 38 28 0  freq  0.1111
18 23 38 28  freq  0.1298
18 23 38 3 8 13 0  freq  0.1065
18 23 38 3 8 13  freq  0.125
18 23 38 3 8 0  freq  0.1099
18 23 38 3 8  freq  0.1293
18 23 38 3 13 0  freq  0.107
18 23 38 3 13  freq  0.1257
18 23 38 3 0  freq  0.1108
18 23 38 3  freq  0.1305
18 23 38 8 13 0  freq  0.1075
18 23 38 8 13  freq  0.1259
18 23 38 8 0  freq  0.1108
18 23 38 8  freq  0.1302
18 23 38 13 0  freq  0.1092
18 23 38 13  freq  0.1278
18 23 38 0  freq  0.1135
18 23 38  freq  0.1331
18 23 28 3 8 13 0  freq  0.1247
18 23 28 3 8 13  freq  0.1616
18 23 28 3 8 0  freq  0.1312
18 23 28 3 8  freq  0.1743
18 23 28 3 13 0  freq  0.1252
18 23 28 3 13  freq  0.1623
18 23 28 3 0  freq  0.1319
18 23 28 3  freq  0.1752
18 23 28 8 13 0  freq  0.1257
18 23 28 8 13  freq  0.1626
18 23 28 8 0  freq  0.1322
18 23 28 8  freq  0.1752
18 23 28 13 0  freq  0.1278
18 23 28 13  freq  0.165
18 23 28 0  freq  0.1355
18 23 28  freq  0.1793
18 23 3 8 13 0  freq  0.1259
18 23 3 8 13  freq  0.164
18 23 3 8 0  freq  0.1331
18 23 3 8  freq  0.1786
18 23 3 13 0  freq  0.1266
18 23 3 13  freq  0.1652
18 23 3 0  freq  0.1345
18 23 3  freq  0.1805
18 23 8 13 0  freq  0.1276
18 23 8 13  freq  0.1657
18 23 8 0  freq  0.135
18 23 8  freq  0.1805
18 23 13 0  freq  0.131
18 23 13  freq  0.1702
18 23 0  freq  0.1408
18 23  freq  0.1882
18 38 28 3 8 13 0  freq  0.1092
18 38 28 3 8 13  freq  0.1274
18 38 28 3 8 0  freq  0.1142
18 38 28 3 8  freq  0.1329
18 38 28 3 13 0  freq  0.1099
18 38 28 3 13  freq  0.1281
18 38 28 3 0  freq  0.1152
18 38 28 3  freq  0.1338
18 38 28 8 13 0  freq  0.1096
18 38 28 8 13  freq  0.1278
18 38 28 8 0  freq  0.1147
18 38 28 8  freq  0.1333
18 38 28 13 0  freq  0.1116
18 38 28 13  freq  0.1298
18 38 28 0  freq  0.1171
18 38 28  freq  0.1357
18 38 3 8 13 0  freq  0.1111
18 38 3 8 13  freq  0.1295
18 38 3 8 0  freq  0.1161
18 38 3 8  freq  0.1357
18 38 3 13 0  freq  0.1123
18 38 3 13  freq  0.131
18 38 3 0  freq  0.1178
18 38 3  freq  0.1377
18 38 8 13 0  freq  0.1128
18 38 8 13  freq  0.1312
18 38 8 0  freq  0.118
18 38 8  freq  0.1377
18 38 13 0  freq  0.1161
18 38 13  freq  0.1348
18 38 0  freq  0.1228
18 38  freq  0.1427
18 28 3 8 13 0  freq  0.1293
18 28 3 8 13  freq  0.1664
18 28 3 8 0  freq  0.1377
18 28 3 8  freq  0.181
18 28 3 13 0  freq  0.13
18 28 3 13  freq  0.1673
18 28 3 0  freq  0.1386
18 28 3  freq  0.1822
18 28 8 13 0  freq  0.1305
18 28 8 13  freq  0.1676
18 28 8 0  freq  0.1389
18 28 8  freq  0.1822
18 28 13 0  freq  0.1331
18 28 13  freq  0.1705
18 28 0  freq  0.1427
18 28  freq  0.1867
18 3 8 13 0  freq  0.1319
18 3 8 13  freq  0.1705
18 3 8 0  freq  0.141
18 3 8  freq  0.1875
18 3 13 0  freq  0.1336
18 3 13  freq  0.1726
18 3 0  freq  0.1434
18 3  freq  0.1903
18 8 13 0  freq  0.1343
18 8 13  freq  0.1729
18 8 0  freq  0.1439
18 8  freq  0.1903
18 13 0  freq  0.1396
18 13  freq  0.1793
18 0  freq  0.152
18  freq  0.2004
24 4  freq  0.1489
24 39  freq  0.0773
24 0  freq  0.0984
24  freq  0.2006
23 38 28 3 8 13 0  freq  0.1058
23 38 28 3 8 13  freq  0.124
23 38 28 3 8 0  freq  0.1092
23 38 28 3 8  freq  0.1278
23 38 28 3 13 0  freq  0.1063
23 38 28 3 13  freq  0.1245
23 38 28 3 0  freq  0.1099
23 38 28 3  freq  0.1286
23 38 28 8 13 0  freq  0.1061
23 38 28 8 13  freq  0.1243
23 38 28 8 0  freq  0.1094
23 38 28 8  freq  0.1281
23 38 28 13 0  freq  0.1075
23 38 28 13  freq  0.1257
23 38 28 0  freq  0.1116
23 38 28  freq  0.1302
23 38 3 8 13 0  freq  0.1068
23 38 3 8 13  freq  0.1252
23 38 3 8 0  freq  0.1101
23 38 3 8  freq  0.1295
23 38 3 13 0  freq  0.1073
23 38 3 13  freq  0.1259
23 38 3 0  freq  0.1111
23 38 3  freq  0.1307
23 38 8 13 0  freq  0.1077
23 38 8 13  freq  0.1262
23 38 8 0  freq  0.1111
23 38 8  freq  0.1307
23 38 13 0  freq  0.1094
23 38 13  freq  0.1281
23 38 0  freq  0.1149
23 38  freq  0.135
23 28 3 8 13 0  freq  0.125
23 28 3 8 13  freq  0.1618
23 28 3 8 0  freq  0.1314
23 28 3 8  freq  0.1745
23 28 3 13 0  freq  0.1254
23 28 3 13  freq  0.1628
23 28 3 0  freq  0.1322
23 28 3  freq  0.176
23 28 8 13 0  freq  0.1259
23 28 8 13  freq  0.1628
23 28 8 0  freq  0.1324
23 28 8  freq  0.1755
23 28 13 0  freq  0.1283
23 28 13  freq  0.1659
23 28 0  freq  0.1377
23 28  freq  0.1824
23 3 8 13 0  freq  0.1262
23 3 8 13  freq  0.1642
23 3 8 0  freq  0.1333
23 3 8  freq  0.1798
23 3 13 0  freq  0.1271
23 3 13  freq  0.1659
23 3 0  freq  0.135
23 3  freq  0.1834
23 8 13 0  freq  0.1278
23 8 13  freq  0.1661
23 8 0  freq  0.1357
23 8  freq  0.1831
23 13 0  freq  0.1317
23 13  freq  0.1721
23 0  freq  0.1458
23  freq  0.2006
38 28 3 8 13 0  freq  0.1104
38 28 3 8 13  freq  0.1286
38 28 3 8 0  freq  0.1156
38 28 3 8  freq  0.1345
38 28 3 13 0  freq  0.1113
38 28 3 13  freq  0.1298
38 28 3 0  freq  0.1168
38 28 3  freq  0.136
38 28 8 13 0  freq  0.1111
38 28 8 13  freq  0.1293
38 28 8 0  freq  0.1166
38 28 8  freq  0.1355
38 28 13 0  freq  0.1142
38 28 13  freq  0.1326
38 28 0  freq  0.1211
38 28  freq  0.1408
38 3 8 13 0  freq  0.1132
38 3 8 13  freq  0.1322
38 3 8 0  freq  0.1192
38 3 8  freq  0.1403
38 3 13 0  freq  0.1152
38 3 13  freq  0.1348
38 3 0  freq  0.1219
38 3  freq  0.1436
38 8 13 0  freq  0.1159
38 8 13  freq  0.1348
38 8 0  freq  0.1226
38 8  freq  0.1446
38 13 0  freq  0.1264
38 13  freq  0.1475
38 0  freq  0.1551
38  freq  0.2009
28 3 8 13 0  freq  0.1307
28 3 8 13  freq  0.1678
28 3 8 0  freq  0.1393
28 3 8  freq  0.1831
28 3 13 0  freq  0.1317
28 3 13  freq  0.1695
28 3 0  freq  0.1405
28 3  freq  0.1855
28 8 13 0  freq  0.1324
28 8 13  freq  0.1697
28 8 0  freq  0.1417
28 8  freq  0.1858
28 13 0  freq  0.1374
28 13  freq  0.1757
28 0  freq  0.153
28  freq  0.2011
4 39  freq  0.0859
4 0  freq  0.0922
4  freq  0.2013
3 8 13 0  freq  0.1343
3 8 13  freq  0.1736
3 8 0  freq  0.1456
3 8  freq  0.1961
3 13 0  freq  0.1369
3 13  freq  0.1776
3 0  freq  0.1494
3  freq  0.2042
35 15  freq  0.1099
35 5 10  freq  0.1077
35 5  freq  0.1238
35 10  freq  0.1377
35 39  freq  0.0907
35 1  freq  0.085
35  freq  0.2049
15 5  freq  0.0898
15 10  freq  0.0977
15 39  freq  0.0855
15 1  freq  0.0826
15  freq  0.2054
8 13 0  freq  0.1381
8 13  freq  0.1779
8 0  freq  0.1527
8  freq  0.2066
5 10  freq  0.1652
5 39  freq  0.0883
5 1  freq  0.0836
5  freq  0.2124
13 0  freq  0.159
13  freq  0.2126
10 39  freq  0.0867
10 1  freq  0.0857
10  freq  0.2159
16 2  freq  0.1065
16 1  freq  0.1118
16  freq  0.2361
39 2  freq  0.0862
39 0  freq  0.107
39 1  freq  0.1077
39  freq  0.3009
2  freq  0.3129
0  freq  0.3213
1  freq  0.3658