0.0013
42  freq  0.1659
41  freq  0.1805
6  freq  0.1834
12 7  freq  0.1685
12  freq  0.1889
11  freq  0.1922
14  freq  0.1934
36  freq  0.1946
9 4  freq  0.1681
9  freq  0.1963
7 22  freq  0.1661
7  freq  0.1987
25  freq  0.1987
32 22  freq  0.1685
32  freq  0.1994
21  freq  0.1994
31  freq  0.1997
19  freq  0.1997
30  freq  0.1997
26  freq  0.1999
33 18 23 28 3 8  freq  0.1693
33 18 23 28 3  freq  0.1695
33 18 23 28 8  freq  0.17
33 18 23 28  freq  0.1709
33 18 23 3 8  freq  0.1729
33 18 23 3  freq  0.1736
33 18 23 8  freq  0.1743
33 18 23  freq  0.1764
33 18 28 3 8  freq  0.1757
33 18 28 3  freq  0.1762
33 18 28 8  freq  0.1767
33 18 28  freq  0.1779
33 18 3 8 13  freq  0.1666
33 18 3 8  freq  0.1812
33 18 3 13  freq  0.1681
33 18 3  freq  0.1829
33 18 8 13  freq  0.1688
33 18 8  freq  0.1836
33 18 13  freq  0.1709
33 18  freq  0.187
33 23 28 3 8  freq  0.1695
33 23 28 3  freq  0.1697
33 23 28 8  freq  0.1702
33 23 28  freq  0.1712
33 23 3 8  freq  0.1733
33 23 3  freq  0.174
33 23 8  freq  0.1748
33 23  freq  0.1772
33 28 3 8  freq  0.1774
33 28 3  freq  0.1781
33 28 8  freq  0.1786
33 28 13  freq  0.1676
33 28  freq  0.1812
33 3 8 13  freq  0.1678
33 3 8  freq  0.1853
33 3 13  freq  0.17
33 3  freq  0.1877
33 8 13  freq  0.1709
33 8  freq  0.1896
33 13  freq  0.1769
33  freq  0.2001
29  freq  0.2001
27 22  freq  0.1697
27  freq  0.2001
34  freq  0.2001
37  freq  0.2001
22  freq  0.2001
20  freq  0.2004
18 23 28 3 8  freq  0.1743
18 23 28 3  freq  0.1752
18 23 28 8  freq  0.1752
18 23 28  freq  0.1793
18 23 3 8  freq  0.1786
18 23 3  freq  0.1805
18 23 8 13  freq  0.1657
18 23 8  freq  0.1805
18 23 13  freq  0.1702
18 23  freq  0.1882
18 28 3 8 13  freq  0.1664
18 28 3 8  freq  0.181
18 28 3 13  freq  0.1673
18 28 3  freq  0.1822
18 28 8 13  freq  0.1676
18 28 8  freq  0.1822
18 28 13  freq  0.1705
18 28  freq  0.1867
18 3 8 13  freq  0.1705
18 3 8  freq  0.1875
18 3 13  freq  0.1726
18 3  freq  0.1903
18 8 13  freq  0.1729
18 8  freq  0.1903
18 13  freq  0.1793
18  freq  0.2004
24  freq  0.2006
23 28 3 8  freq  0.1745
23 28 3  freq  0.176
23 28 8  freq  0.1755
23 28 13  freq  0.1659
23 28  freq  0.1824
23 3 8  freq  0.1798
23 3 13  freq  0.1659
23 3  freq  0.1834
23 8 13  freq  0.1661
23 8  freq  0.1831
23 13  freq  0.1721
23  freq  0.2006
38  freq  0.2009
28 3 8 13  freq  0.1678
28 3 8  freq  0.1831
28 3 13  freq  0.1695
28 3  freq  0.1855
28 8 13  freq  0.1697
28 8  freq  0.1858
28 13  freq  0.1757
28  freq  0.2011
4  freq  0.2013
3 8 13  freq  0.1736
3 8  freq  0.1961
3 13  freq  0.1776
3  freq  0.2042
35  freq  0.2049
15  freq  0.2054
8 13  freq  0.1779
8  freq  0.2066
5  freq  0.2124
13  freq  0.2126
10  freq  0.2159
16  freq  0.2361
39  freq  0.3009
2  freq  0.3129
0  freq  0.3213
1  freq  0.3658