0.0022
40 6 11  freq  0.0335
40 6  freq  0.0431
40 12 7  freq  0.0347
40 12 22  freq  0.0326
40 12  freq  0.0388
40 11  freq  0.0445
40 36  freq  0.0462
40 7 27  freq  0.0323
40 7 22  freq  0.0338
40 7  freq  0.0419
40 32 27  freq  0.0335
40 32 22  freq  0.0345
40 32  freq  0.0419
40 21 31  freq  0.0323
40 21 26  freq  0.0342
40 21  freq  0.0448
40 31  freq  0.0457
40 30  freq  0.035
40 26  freq  0.0452
40 27 22  freq  0.0366
40 27  freq  0.0445
40 37 22  freq  0.0326
40 37  freq  0.0373
40 22  freq  0.0407
40 20  freq  0.0385
40 35  freq  0.0381
40 15  freq  0.0402
40 5  freq  0.0369
40 10  freq  0.0381
40 16  freq  0.0534
40 2  freq  0.0594
40 1  freq  0.0704
40  freq  0.1518
17 42 12 7 37  freq  0.0326
17 42 12 7 22  freq  0.0328
17 42 12 7  freq  0.0333
17 42 12 37 22  freq  0.0338
17 42 12 37  freq  0.0354
17 42 12 22  freq  0.0347
17 42 12  freq  0.0364
17 42 7 32  freq  0.0326
17 42 7 37 22  freq  0.034
17 42 7 37  freq  0.035
17 42 7 22  freq  0.035
17 42 7  freq  0.0359
17 42 32 37 22  freq  0.0323
17 42 32 37  freq  0.034
17 42 32 22  freq  0.034
17 42 32  freq  0.0364
17 42 37 22  freq  0.0383
17 42 37  freq  0.046
17 42 22  freq  0.04
17 42  freq  0.0546
17 41 12 7 32 27 37 22  freq  0.0357
17 41 12 7 32 27 22  freq  0.0364
17 41 12 7 32 37 22  freq  0.0362
17 41 12 7 32 22  freq  0.0369
17 41 12 7 32  freq  0.0373
17 41 12 7 27 37 22  freq  0.0371
17 41 12 7 27 22  freq  0.0378
17 41 12 7 37 22  freq  0.0381
17 41 12 7 22  freq  0.0388
17 41 12 7  freq  0.0393
17 41 12 32 27 37 22  freq  0.0362
17 41 12 32 27 22  freq  0.0371
17 41 12 32 37 22  freq  0.0371
17 41 12 32 22  freq  0.0381
17 41 12 32  freq  0.0385
17 41 12 27 37 22  freq  0.0378
17 41 12 27 22  freq  0.0388
17 41 12 37 22  freq  0.0393
17 41 12 37  freq  0.0395
17 41 12 22  freq  0.0402
17 41 12  freq  0.0409
17 41 7 32 27 37 22  freq  0.0369
17 41 7 32 27 22  freq  0.0381
17 41 7 32 37 22  freq  0.0376
17 41 7 32 22  freq  0.0388
17 41 7 32  freq  0.04
17 41 7 27 37 22  freq  0.0383
17 41 7 27 22  freq  0.0395
17 41 7 37 22  freq  0.0395
17 41 7 22  freq  0.0407
17 41 7  freq  0.0421
17 41 32 27 37 22  freq  0.0385
17 41 32 27 22  freq  0.0405
17 41 32 37 22  freq  0.0402
17 41 32 22  freq  0.0421
17 41 32  freq  0.0441
17 41 27 37 22  freq  0.0405
17 41 27 22  freq  0.0424
17 41 27  freq  0.0426
17 41 37 22  freq  0.0429
17 41 37  freq  0.0438
17 41 22  freq  0.0448
17 41  freq  0.0522
17 12 7 32 27 37 2 22  freq  0.04
17 12 7 32 27 37 1 22  freq  0.0419
17 12 7 32 27 37 22  freq  0.0831
17 12 7 32 27 2 22  freq  0.0405
17 12 7 32 27 1 22  freq  0.0429
17 12 7 32 27 22  freq  0.0847
17 12 7 32 37 22 2  freq  0.0445
17 12 7 32 37 22 1  freq  0.0438
17 12 7 32 37 22  freq  0.0895
17 12 7 32 37 2  freq  0.0448
17 12 7 32 37 1  freq  0.0441
17 12 7 32 37  freq  0.09
17 12 7 32 22 2  freq  0.0455
17 12 7 32 22 1  freq  0.0448
17 12 7 32 22  freq  0.0917
17 12 7 32 2  freq  0.046
17 12 7 32 1  freq  0.0452
17 12 7 32  freq  0.0927
17 12 7 27 37 22 2  freq  0.0421
17 12 7 27 37 22 1  freq  0.0436
17 12 7 27 37 22  freq  0.0871
17 12 7 27 37 1  freq  0.0438
17 12 7 27 37  freq  0.0874
17 12 7 27 22 2  freq  0.0426
17 12 7 27 22 1  freq  0.0448
17 12 7 27 22  freq  0.0891
17 12 7 27 1  freq  0.045
17 12 7 27  freq  0.0893
17 12 7 37 22 2  freq  0.0474
17 12 7 37 22 1  freq  0.0467
17 12 7 37 22  freq  0.0955
17 12 7 37 2  freq  0.0479
17 12 7 37 1  freq  0.0474
17 12 7 37  freq  0.0967
17 12 7 22 2  freq  0.0484
17 12 7 22 1  freq  0.0481
17 12 7 22  freq  0.0982
17 12 7 2  freq  0.0491
17 12 7 1  freq  0.0491
17 12 7  freq  0.1001
17 12 32 27 37 2 22  freq  0.0402
17 12 32 27 37 1 22  freq  0.0424
17 12 32 27 37 22  freq  0.0838
17 12 32 27 22 2  freq  0.0407
17 12 32 27 22 1  freq  0.0441
17 12 32 27 22  freq  0.0862
17 12 32 27 2  freq  0.0409
17 12 32 27  freq  0.0864
17 12 32 37 22 2  freq  0.0452
17 12 32 37 22 1  freq  0.0448
17 12 32 37 22  freq  0.0912
17 12 32 37 2  freq  0.0455
17 12 32 37 1  freq  0.045
17 12 32 37  freq  0.0917
17 12 32 22 2  freq  0.0464
17 12 32 22 1  freq  0.0464
17 12 32 22  freq  0.0943
17 12 32 2  freq  0.0472
17 12 32 1  freq  0.0469
17 12 32  freq  0.0955
17 12 27 37 22 2  freq  0.0426
17 12 27 37 22 1  freq  0.0443
17 12 27 37 22  freq  0.0883
17 12 27 37 1  freq  0.0445
17 12 27 37  freq  0.0886
17 12 27 22 2  freq  0.0431
17 12 27 22 1  freq  0.0464
17 12 27 22  freq  0.0912
17 12 27 2  freq  0.0433
17 12 27 1  freq  0.0467
17 12 27  freq  0.0917
17 12 37 22 2  freq  0.0493
17 12 37 22 1  freq  0.0479
17 12 37 22  freq  0.0986
17 12 37 2  freq  0.0508
17 12 37 1  freq  0.0493
17 12 37  freq  0.1015
17 12 22 2  freq  0.0505
17 12 22 1  freq  0.0503
17 12 22  freq  0.1025
17 12 2  freq  0.0527
17 12 1  freq  0.052
17 12  freq  0.1065
17 11  freq  0.0335
17 7 32 27 37 2 22  freq  0.0412
17 7 32 27 37 1 22  freq  0.0431
17 7 32 27 37 22  freq  0.0855
17 7 32 27 2 22  freq  0.0426
17 7 32 27 1 22  freq  0.0441
17 7 32 27 22  freq  0.0881
17 7 32 37 22 2  freq  0.046
17 7 32 37 22 1  freq  0.0457
17 7 32 37 22  freq  0.0929
17 7 32 37 2  freq  0.0464
17 7 32 37 1  freq  0.0462
17 7 32 37  freq  0.0938
17 7 32 22 2  freq  0.0481
17 7 32 22 1  freq  0.0467
17 7 32 22  freq  0.0962
17 7 32 2  freq  0.0488
17 7 32 1  freq  0.0481
17 7 32  freq  0.0984
17 7 27 37 22 2  freq  0.0433
17 7 27 37 22 1  freq  0.045
17 7 27 37 22  freq  0.09
17 7 27 37 1  freq  0.0452
17 7 27 37  freq  0.0903
17 7 27 22 2  freq  0.045
17 7 27 22 1  freq  0.0462
17 7 27 22  freq  0.0931
17 7 27 2  freq  0.0452
17 7 27 1  freq  0.0464
17 7 27  freq  0.0936
17 7 37 22 2  freq  0.0491
17 7 37 22 1  freq  0.0488
17 7 37 22  freq  0.0996
17 7 37 2  freq  0.05
17 7 37 1  freq  0.05
17 7 37  freq  0.1017
17 7 22 2  freq  0.0515
17 7 22 1  freq  0.0503
17 7 22  freq  0.1037
17 7 2  freq  0.0531
17 7 1  freq  0.0527
17 7  freq  0.108
17 32 27 37 22 2  freq  0.0436
17 32 27 37 22 1  freq  0.0457
17 32 27 37 22  freq  0.0905
17 32 27 37 1  freq  0.046
17 32 27 37  freq  0.0907
17 32 27 22 2  freq  0.045
17 32 27 22 1  freq  0.0486
17 32 27 22  freq  0.095
17 32 27 2  freq  0.0452
17 32 27 1  freq  0.0493
17 32 27  freq  0.096
17 32 37 22 2  freq  0.0496
17 32 37 22 1  freq  0.0491
17 32 37 22  freq  0.0998
17 32 37 2  freq  0.0503
17 32 37 1  freq  0.0505
17 32 37  freq  0.102
17 32 22 2  freq  0.052
17 32 22 1  freq  0.0522
17 32 22  freq  0.1056
17 32 2  freq  0.0546
17 32 1  freq  0.0567
17 32  freq  0.1128
17 26  freq  0.0345
17 27 37 22 2  freq  0.046
17 27 37 22 1  freq  0.0484
17 27 37 22  freq  0.096
17 27 37 1  freq  0.0491
17 27 37  freq  0.0967
17 27 22 2  freq  0.0476
17 27 22 1  freq  0.0517
17 27 22  freq  0.1013
17 27 2  freq  0.0484
17 27 1  freq  0.0536
17 27  freq  0.1039
17 37 22 2  freq  0.0555
17 37 22 1  freq  0.0531
17 37 22  freq  0.1106
17 37 2  freq  0.0603
17 37 1  freq  0.0596
17 37  freq  0.1223
17 22 2  freq  0.0582
17 22 1  freq  0.057
17 22  freq  0.1173
17 2  freq  0.073
17 1  freq  0.0745
17  freq  0.1525
42 6  freq  0.0383
42 12 7 32 37 22  freq  0.0381
42 12 7 32 37  freq  0.0393
42 12 7 32 22  freq  0.0397
42 12 7 32  freq  0.0414
42 12 7 27 37 22  freq  0.034
42 12 7 27 37  freq  0.0342
42 12 7 27 22  freq  0.035
42 12 7 27  freq  0.0352
42 12 7 37 22  freq  0.0441
42 12 7 37  freq  0.0462
42 12 7 22  freq  0.0457
42 12 7  freq  0.0486
42 12 32 37 22  freq  0.0388
42 12 32 37  freq  0.04
42 12 32 22  freq  0.0409
42 12 32  freq  0.0426
42 12 27 37 22  freq  0.0342
42 12 27 37  freq  0.0345
42 12 27 22  freq  0.0357
42 12 27  freq  0.0359
42 12 37 22  freq  0.046
42 12 37  freq  0.0503
42 12 22  freq  0.0481
42 12  freq  0.0543
42 11  freq  0.0395
42 36  freq  0.0433
42 7 32 27 22  freq  0.0326
42 7 32 37 22  freq  0.0402
42 7 32 37  freq  0.0417
42 7 32 22  freq  0.0421
42 7 32  freq  0.0441
42 7 27 37 22  freq  0.0354
42 7 27 37  freq  0.0357
42 7 27 22  freq  0.0364
42 7 27  freq  0.0366
42 7 37 22  freq  0.0469
42 7 37  freq  0.0498
42 7 22  freq  0.0488
42 7  freq  0.0524
42 25 5  freq  0.0326
42 25  freq  0.0469
42 32 27 37 22  freq  0.0323
42 32 27 37  freq  0.0326
42 32 27 22  freq  0.0345
42 32 27  freq  0.0347
42 32 37 22  freq  0.0426
42 32 37  freq  0.0452
42 32 22  freq  0.0469
42 32  freq  0.0534
42 21  freq  0.0457
42 31  freq  0.0472
42 30  freq  0.0417
42 26  freq  0.0429
42 27 37 22  freq  0.0369
42 27 37  freq  0.0373
42 27 22  freq  0.0393
42 27  freq  0.0409
42 37 22  freq  0.0534
42 37 2  freq  0.0347
42 37 1  freq  0.0354
42 37  freq  0.073
42 22  freq  0.0582
42 20  freq  0.0393
42 35  freq  0.0347
42 15  freq  0.034
42 5 10  freq  0.0362
42 5  freq  0.0455
42 10  freq  0.0464
42 16  freq  0.056
42 2  freq  0.0735
42 1  freq  0.0752
42  freq  0.1659
41 6  freq  0.0419
41 12 7 32 27 37 22  freq  0.0469
41 12 7 32 27 22  freq  0.0512
41 12 7 32 27  freq  0.0515
41 12 7 32 37 22  freq  0.0486
41 12 7 32 37  freq  0.0493
41 12 7 32 22  freq  0.0529
41 12 7 32  freq  0.0558
41 12 7 27 37 22  freq  0.0512
41 12 7 27 22  freq  0.0558
41 12 7 27  freq  0.0575
41 12 7 37 22  freq  0.0536
41 12 7 37  freq  0.0551
41 12 7 22  freq  0.0582
41 12 7 1  freq  0.0323
41 12 7  freq  0.0639
41 12 32 27 37 22  freq  0.0476
41 12 32 27 22  freq  0.0524
41 12 32 27  freq  0.0527
41 12 32 37 22  freq  0.05
41 12 32 37  freq  0.0508
41 12 32 22  freq  0.0548
41 12 32  freq  0.0582
41 12 27 37 22  freq  0.0522
41 12 27 37  freq  0.0524
41 12 27 22  freq  0.0575
41 12 27  freq  0.0599
41 12 37 22  freq  0.0558
41 12 37  freq  0.0587
41 12 22  freq  0.061
41 12 2  freq  0.0347
41 12 1  freq  0.0347
41 12  freq  0.0699
41 11  freq  0.0441
41 36 21  freq  0.0323
41 36  freq  0.0484
41 7 32 27 37 22  freq  0.0481
41 7 32 27 22  freq  0.0539
41 7 32 27  freq  0.0541
41 7 32 37 22  freq  0.05
41 7 32 37  freq  0.0508
41 7 32 22  freq  0.0558
41 7 32  freq  0.0603
41 7 27 37 22  freq  0.0529
41 7 27 22  freq  0.0596
41 7 27  freq  0.062
41 7 37 22  freq  0.0555
41 7 37  freq  0.0575
41 7 22  freq  0.0622
41 7 2  freq  0.0352
41 7 1  freq  0.0371
41 7  freq  0.0733
41 25  freq  0.0338
41 32 27 37 22  freq  0.0508
41 32 27 22  freq  0.0589
41 32 27  freq  0.0594
41 32 37 22  freq  0.0541
41 32 37  freq  0.0551
41 32 22 2  freq  0.0323
41 32 22  freq  0.0627
41 32 2  freq  0.0366
41 32 1  freq  0.034
41 32  freq  0.0713
41 21  freq  0.0445
41 31  freq  0.0421
41 30  freq  0.0366
41 26  freq  0.0385
41 27 37 22  freq  0.056
41 27 37  freq  0.0565
41 27 22 1  freq  0.034
41 27 22  freq  0.0661
41 27 2  freq  0.0342
41 27 1  freq  0.0364
41 27  freq  0.0723
41 37 22  freq  0.0608
41 37 2  freq  0.0338
41 37 1  freq  0.0342
41 37  freq  0.0687
41 22 2  freq  0.035
41 22 1  freq  0.0357
41 22  freq  0.0713
41 20  freq  0.0326
41 35  freq  0.0352
41 15  freq  0.035
41 10  freq  0.0354
41 16  freq  0.0632
41 2  freq  0.0785
41 1  freq  0.0821
41  freq  0.1805
6 11 36 21 31 26  freq  0.0342
6 11 36 21 31  freq  0.0464
6 11 36 21 26  freq  0.0503
6 11 36 21 16  freq  0.0405
6 11 36 21  freq  0.0663
6 11 36 31 26  freq  0.0347
6 11 36 31 16  freq  0.034
6 11 36 31  freq  0.052
6 11 36 26 16  freq  0.0328
6 11 36 26  freq  0.0541
6 11 36 16  freq  0.0503
6 11 36 2  freq  0.0347
6 11 36 1  freq  0.0424
6 11 36  freq  0.0838
6 11 21 31 26  freq  0.0488
6 11 21 31 16  freq  0.0412
6 11 21 31 1  freq  0.0345
6 11 21 31  freq  0.0694
6 11 21 26 16  freq  0.0417
6 11 21 26 1  freq  0.0366
6 11 21 26  freq  0.0718
6 11 21 16  freq  0.0555
6 11 21 2  freq  0.0424
6 11 21 1  freq  0.0484
6 11 21  freq  0.0979
6 11 31 26  freq  0.0531
6 11 31 16  freq  0.0476
6 11 31 2  freq  0.0364
6 11 31 1  freq  0.0397
6 11 31  freq  0.0814
6 11 26 16  freq  0.046
6 11 26 2  freq  0.0352
6 11 26 1  freq  0.0429
6 11 26  freq  0.0847
6 11 15  freq  0.0366
6 11 16 1  freq  0.035
6 11 16  freq  0.0709
6 11 39  freq  0.0414
6 11 2  freq  0.0555
6 11 1  freq  0.0675
6 11  freq  0.1343
6 36 21 31 26  freq  0.0409
6 36 21 31 16  freq  0.0369
6 36 21 31  freq  0.0567
6 36 21 26 16  freq  0.0376
6 36 21 26  freq  0.0594
6 36 21 16  freq  0.0491
6 36 21 2  freq  0.035
6 36 21 1  freq  0.0381
6 36 21  freq  0.0795
6 36 31 26  freq  0.0417
6 36 31 16  freq  0.0414
6 36 31  freq  0.0642
6 36 26 16  freq  0.0397
6 36 26 1  freq  0.0323
6 36 26  freq  0.0639
6 36 16  freq  0.0618
6 36 2  freq  0.0448
6 36 1  freq  0.0505
6 36  freq  0.1032
6 25  freq  0.0347
6 32  freq  0.0364
6 21 31 26 16  freq  0.0371
6 21 31 26  freq  0.061
6 21 31 16  freq  0.0517
6 21 31 2  freq  0.0397
6 21 31 1  freq  0.0429
6 21 31  freq  0.0876
6 21 26 16  freq  0.0517
6 21 26 2  freq  0.0378
6 21 26 1  freq  0.0445
6 21 26  freq  0.0883
6 21 15  freq  0.0326
6 21 16 1  freq  0.0323
6 21 16  freq  0.0689
6 21 39  freq  0.0357
6 21 2  freq  0.0536
6 21 1  freq  0.0596
6 21  freq  0.1216
6 31 26 16  freq  0.0388
6 31 26 1  freq  0.0326
6 31 26  freq  0.0675
6 31 16  freq  0.0603
6 31 39  freq  0.0323
6 31 2  freq  0.0488
6 31 1  freq  0.0505
6 31  freq  0.1068
6 30  freq  0.0385
6 26 16  freq  0.0575
6 26 39  freq  0.034
6 26 2  freq  0.0469
6 26 1  freq  0.0536
6 26  freq  0.1087
6 27  freq  0.0395
6 37  freq  0.0373
6 35  freq  0.0424
6 15  freq  0.0527
6 16 2  freq  0.0421
6 16 1  freq  0.0438
6 16  freq  0.0922
6 39  freq  0.0575
6 2  freq  0.0788
6 1  freq  0.0881
6  freq  0.1834
12 36  freq  0.0335
12 7 32 27 37 2 22  freq  0.0548
12 7 32 27 37 1 22  freq  0.056
12 7 32 27 37 22  freq  0.1125
12 7 32 27 22 16  freq  0.0376
12 7 32 27 22 2  freq  0.0608
12 7 32 27 22 1  freq  0.0615
12 7 32 27 22  freq  0.1243
12 7 32 27 16  freq  0.0378
12 7 32 27 1  freq  0.0618
12 7 32 27  freq  0.1247
12 7 32 37 22 16  freq  0.0328
12 7 32 37 22 2  freq  0.0625
12 7 32 37 22 1  freq  0.0596
12 7 32 37 22  freq  0.1238
12 7 32 37 16  freq  0.0342
12 7 32 37 2  freq  0.0639
12 7 32 37 1  freq  0.0603
12 7 32 37  freq  0.1259
12 7 32 22 16  freq  0.0419
12 7 32 22 2  freq  0.0689
12 7 32 22 1  freq  0.0654
12 7 32 22  freq  0.1365
12 7 32 16  freq  0.0457
12 7 32 2  freq  0.0718
12 7 32 1  freq  0.0682
12 7 32  freq  0.1424
12 7 27 37 22 16  freq  0.0347
12 7 27 37 22 2  freq  0.0591
12 7 27 37 22 1  freq  0.0618
12 7 27 37 22  freq  0.1228
12 7 27 37 16  freq  0.035
12 7 27 37 2  freq  0.0594
12 7 27 37 1  freq  0.062
12 7 27 37  freq  0.1233
12 7 27 22 16  freq  0.0445
12 7 27 22 2  freq  0.0654
12 7 27 22 1  freq  0.0682
12 7 27 22  freq  0.1357
12 7 27 16  freq  0.0472
12 7 27 2  freq  0.0668
12 7 27 1  freq  0.0704
12 7 27  freq  0.1396
12 7 37 22 16  freq  0.0412
12 7 37 22 2  freq  0.0682
12 7 37 22 1  freq  0.0682
12 7 37 22  freq  0.1384
12 7 37 16  freq  0.0452
12 7 37 2  freq  0.0723
12 7 37 1  freq  0.0701
12 7 37  freq  0.1444
12 7 22 16  freq  0.0512
12 7 22 2  freq  0.0749
12 7 22 1  freq  0.0752
12 7 22  freq  0.1525
12 7 16  freq  0.062
12 7 2  freq  0.0831
12 7 1  freq  0.0824
12 7  freq  0.1685
12 32 27 37 2 22  freq  0.056
12 32 27 37 1 22  freq  0.0567
12 32 27 37 22  freq  0.1144
12 32 27 22 16  freq  0.04
12 32 27 22 2  freq  0.0634
12 32 27 22 1  freq  0.0634
12 32 27 22  freq  0.1288
12 32 27 16  freq  0.0402
12 32 27 2  freq  0.0637
12 32 27 1  freq  0.0637
12 32 27  freq  0.1295
12 32 37 22 16  freq  0.034
12 32 37 22 2  freq  0.0644
12 32 37 22 1  freq  0.061
12 32 37 22  freq  0.1271
12 32 37 16  freq  0.0354
12 32 37 2  freq  0.0658
12 32 37 1  freq  0.0618
12 32 37  freq  0.1293
12 32 22 16  freq  0.0448
12 32 22 2  freq  0.0728
12 32 22 1  freq  0.068
12 32 22  freq  0.1429
12 32 16  freq  0.0493
12 32 2  freq  0.0761
12 32 1  freq  0.0713
12 32  freq  0.1499
12 31  freq  0.0359
12 26  freq  0.0385
12 27 37 22 16  freq  0.0359
12 27 37 22 2  freq  0.0606
12 27 37 22 1  freq  0.063
12 27 37 22  freq  0.1254
12 27 37 16  freq  0.0364
12 27 37 2  freq  0.061
12 27 37 1  freq  0.0632
12 27 37  freq  0.1262
12 27 22 16  freq  0.0476
12 27 22 2  freq  0.0687
12 27 22 1  freq  0.0711
12 27 22  freq  0.142
12 27 16  freq  0.052
12 27 2  freq  0.0713
12 27 1  freq  0.0747
12 27  freq  0.1484
12 37 22 16  freq  0.0431
12 37 22 2  freq  0.0713
12 37 22 1  freq  0.0706
12 37 22  freq  0.1439
12 37 16  freq  0.0496
12 37 2  freq  0.0776
12 37 1  freq  0.0745
12 37  freq  0.1539
12 22 16  freq  0.0553
12 22 2  freq  0.0804
12 22 1  freq  0.0792
12 22  freq  0.1621
12 16 2  freq  0.0369
12 16 1  freq  0.0359
12 16  freq  0.0735
12 2  freq  0.0941
12 1  freq  0.0917
12  freq  0.1889
11 36 21 31 26  freq  0.0424
11 36 21 31 16  freq  0.0373
11 36 21 31  freq  0.0608
11 36 21 26 16  freq  0.0385
11 36 21 26  freq  0.0646
11 36 21 16  freq  0.0517
11 36 21 2  freq  0.0393
11 36 21 1  freq  0.0421
11 36 21  freq  0.0886
11 36 31 26  freq  0.0429
11 36 31 16  freq  0.0431
11 36 31 1  freq  0.0335
11 36 31  freq  0.0689
11 36 26 16  freq  0.0407
11 36 26 1  freq  0.034
11 36 26  freq  0.0689
11 36 16  freq  0.0682
11 36 39  freq  0.0366
11 36 2  freq  0.0505
11 36 1  freq  0.0567
11 36  freq  0.1164
11 25  freq  0.0347
11 32  freq  0.0438
11 21 31 26 16  freq  0.0357
11 21 31 26  freq  0.0627
11 21 31 16  freq  0.0505
11 21 31 2  freq  0.0402
11 21 31 1  freq  0.0452
11 21 31  freq  0.0907
11 21 26 16  freq  0.0522
11 21 26 2  freq  0.0407
11 21 26 1  freq  0.0469
11 21 26  freq  0.0943
11 21 15  freq  0.0383
11 21 16 2  freq  0.0342
11 21 16  freq  0.0701
11 21 39  freq  0.0424
11 21 2  freq  0.0577
11 21 1  freq  0.0639
11 21  freq  0.1312
11 31 26 16  freq  0.0378
11 31 26 1  freq  0.0333
11 31 26  freq  0.068
11 31 16  freq  0.0606
11 31 39  freq  0.0359
11 31 2  freq  0.0486
11 31 1  freq  0.0529
11 31  freq  0.1087
11 30  freq  0.0385
11 26 15  freq  0.0328
11 26 16  freq  0.0594
11 26 39  freq  0.0371
11 26 2  freq  0.0481
11 26 1  freq  0.0555
11 26  freq  0.112
11 27  freq  0.0452
11 37  freq  0.0376
11 22  freq  0.035
11 35  freq  0.0371
11 15  freq  0.0534
11 16 2  freq  0.0448
11 16 1  freq  0.0474
11 16  freq  0.0984
11 39  freq  0.0615
11 2  freq  0.0816
11 1  freq  0.095
11  freq  0.1922
14 9 19 29 34 24 4  freq  0.0579
14 9 19 29 34 24 0  freq  0.0352
14 9 19 29 34 24  freq  0.0632
14 9 19 29 34 4 39  freq  0.0345
14 9 19 29 34 4 0  freq  0.0381
14 9 19 29 34 4  freq  0.0694
14 9 19 29 34 39  freq  0.0395
14 9 19 29 34 0  freq  0.0426
14 9 19 29 34  freq  0.0778
14 9 19 29 24 4 0  freq  0.0345
14 9 19 29 24 4  freq  0.0625
14 9 19 29 24 39  freq  0.0338
14 9 19 29 24 0  freq  0.0381
14 9 19 29 24  freq  0.0682
14 9 19 29 4 39  freq  0.0364
14 9 19 29 4 0  freq  0.0405
14 9 19 29 4  freq  0.0745
14 9 19 29 39  freq  0.0421
14 9 19 29 0  freq  0.046
14 9 19 29  freq  0.0838
14 9 19 34 24 4 0  freq  0.0359
14 9 19 34 24 4  freq  0.0646
14 9 19 34 24 39  freq  0.0357
14 9 19 34 24 0  freq  0.04
14 9 19 34 24  freq  0.0713
14 9 19 34 4 39  freq  0.0393
14 9 19 34 4 0  freq  0.0441
14 9 19 34 4  freq  0.0804
14 9 19 34 39  freq  0.0455
14 9 19 34 0  freq  0.0496
14 9 19 34  freq  0.0907
14 9 19 24 4 39  freq  0.0326
14 9 19 24 4 0  freq  0.0385
14 9 19 24 4  freq  0.0704
14 9 19 24 39  freq  0.0378
14 9 19 24 0  freq  0.0433
14 9 19 24  freq  0.0778
14 9 19 4 39  freq  0.0412
14 9 19 4 0  freq  0.0467
14 9 19 4  freq  0.0867
14 9 19 39  freq  0.0484
14 9 19 0  freq  0.0534
14 9 19  freq  0.0982
14 9 29 34 24 4 0  freq  0.0323
14 9 29 34 24 4  freq  0.0582
14 9 29 34 24 0  freq  0.0354
14 9 29 34 24  freq  0.0634
14 9 29 34 4 39  freq  0.0359
14 9 29 34 4 0  freq  0.0385
14 9 29 34 4  freq  0.0716
14 9 29 34 39  freq  0.0417
14 9 29 34 0  freq  0.0436
14 9 29 34  freq  0.0809
14 9 29 24 4 0  freq  0.035
14 9 29 24 4  freq  0.0634
14 9 29 24 0  freq  0.0385
14 9 29 24  freq  0.0692
14 9 29 4 39  freq  0.0378
14 9 29 4 0  freq  0.0417
14 9 29 4  freq  0.078
14 9 29 39  freq  0.0445
14 9 29 0  freq  0.0481
14 9 29  freq  0.0888
14 9 34 24 4 0  freq  0.0362
14 9 34 24 4  freq  0.0654
14 9 34 24 0  freq  0.0402
14 9 34 24  freq  0.0721
14 9 34 4 39  freq  0.0419
14 9 34 4 0  freq  0.0455
14 9 34 4  freq  0.0857
14 9 34 39  freq  0.0491
14 9 34 0  freq  0.0522
14 9 34  freq  0.0982
14 9 24 4 0  freq  0.039
14 9 24 4  freq  0.0723
14 9 24 0  freq  0.0438
14 9 24  freq  0.08
14 9 4 39  freq  0.0441
14 9 4 0  freq  0.0493
14 9 4  freq  0.0946
14 9 39  freq  0.0529
14 9 0  freq  0.0577
14 9  freq  0.1096
14 25 20  freq  0.0342
14 25 5  freq  0.0326
14 25  freq  0.0541
14 19 29 34 24 4 0  freq  0.033
14 19 29 34 24 4  freq  0.0618
14 19 29 34 24 39  freq  0.0359
14 19 29 34 24 0  freq  0.0381
14 19 29 34 24  freq  0.0704
14 19 29 34 4 39  freq  0.0376
14 19 29 34 4 0  freq  0.04
14 19 29 34 4  freq  0.0752
14 19 29 34 39  freq  0.0455
14 19 29 34 0  freq  0.0472
14 19 29 34  freq  0.0883
14 19 29 24 4 39  freq  0.033
14 19 29 24 4 0  freq  0.0371
14 19 29 24 4  freq  0.0687
14 19 29 24 39  freq  0.0407
14 19 29 24 0  freq  0.0445
14 19 29 24  freq  0.0802
14 19 29 4 39  freq  0.0407
14 19 29 4 0  freq  0.0441
14 19 29 4  freq  0.0826
14 19 29 39 0  freq  0.0326
14 19 29 39  freq  0.0517
14 19 29 0  freq  0.0546
14 19 29  freq  0.0998
14 19 34 24 4 39  freq  0.034
14 19 34 24 4 0  freq  0.0378
14 19 34 24 4  freq  0.0694
14 19 34 24 39  freq  0.0414
14 19 34 24 0  freq  0.0443
14 19 34 24  freq  0.0816
14 19 34 4 39  freq  0.0433
14 19 34 4 0  freq  0.0469
14 19 34 4  freq  0.0874
14 19 34 39 0  freq  0.0328
14 19 34 39  freq  0.0536
14 19 34 0  freq  0.056
14 19 34  freq  0.1051
14 19 24 4 39  freq  0.0369
14 19 24 4 0  freq  0.0424
14 19 24 4  freq  0.0785
14 19 24 39  freq  0.0472
14 19 24 0  freq  0.0517
14 19 24  freq  0.0948
14 19 4 39  freq  0.0467
14 19 4 0  freq  0.0515
14 19 4  freq  0.0972
14 19 39 0  freq  0.0376
14 19 39  freq  0.0608
14 19 0  freq  0.0644
14 19  freq  0.1202
14 30 20  freq  0.0326
14 30  freq  0.0467
14 29 34 24 4 0  freq  0.0333
14 29 34 24 4  freq  0.062
14 29 34 24 0  freq  0.0383
14 29 34 24  freq  0.0706
14 29 34 4 39  freq  0.0393
14 29 34 4 0  freq  0.0409
14 29 34 4  freq  0.078
14 29 34 39  freq  0.0486
14 29 34 0  freq  0.0493
14 29 34  freq  0.0936
14 29 24 4 0  freq  0.0378
14 29 24 4  freq  0.0704
14 29 24 39  freq  0.0409
14 29 24 0  freq  0.0452
14 29 24  freq  0.0824
14 29 4 39  freq  0.0426
14 29 4 0  freq  0.046
14 29 4  freq  0.0881
14 29 39 0  freq  0.0371
14 29 39  freq  0.0596
14 29 0  freq  0.0618
14 29  freq  0.1154
14 34 24 4 39  freq  0.0342
14 34 24 4 0  freq  0.0381
14 34 24 4  freq  0.0704
14 34 24 39  freq  0.0417
14 34 24 0  freq  0.0448
14 34 24  freq  0.0833
14 34 4 39  freq  0.0467
14 34 4 0  freq  0.0488
14 34 4  freq  0.0941
14 34 39 0  freq  0.0359
14 34 39  freq  0.0622
14 34 0  freq  0.0618
14 34 1  freq  0.0333
14 34  freq  0.1231
14 20 5  freq  0.0328
14 20 10  freq  0.035
14 20  freq  0.0464
14 24 4 39  freq  0.0371
14 24 4 0  freq  0.0431
14 24 4  freq  0.0821
14 24 39  freq  0.0481
14 24 0  freq  0.0548
14 24  freq  0.1041
14 38  freq  0.039
14 4 39  freq  0.0508
14 4 0  freq  0.0548
14 4  freq  0.1089
14 35  freq  0.0412
14 5 10  freq  0.0393
14 5  freq  0.0517
14 10  freq  0.0505
14 39 0  freq  0.0496
14 39  freq  0.0919
14 2  freq  0.0472
14 0  freq  0.0881
14 1  freq  0.0582
14  freq  0.1934
36 7  freq  0.0424
36 25  freq  0.0445
36 32  freq  0.0496
36 21 31 26 16  freq  0.0352
36 21 31 26  freq  0.0553
36 21 31 16  freq  0.0529
36 21 31 2  freq  0.0383
36 21 31 1  freq  0.0409
36 21 31  freq  0.0852
36 21 26 16  freq  0.0517
36 21 26 2  freq  0.0369
36 21 26 1  freq  0.0412
36 21 26  freq  0.0847
36 21 16 2  freq  0.0345
36 21 16 1  freq  0.034
36 21 16  freq  0.0737
36 21 39  freq  0.0359
36 21 2  freq  0.0555
36 21 1  freq  0.0596
36 21  freq  0.1245
36 31 26 16  freq  0.0354
36 31 26  freq  0.0563
36 31 16  freq  0.0627
36 31 2  freq  0.0438
36 31 1  freq  0.0498
36 31  freq  0.101
36 30  freq  0.0419
36 26 16  freq  0.0546
36 26 2  freq  0.04
36 26 1  freq  0.045
36 26  freq  0.0919
36 27 16  freq  0.0352
36 27  freq  0.052
36 22  freq  0.0347
36 20  freq  0.0352
36 15  freq  0.0488
36 5  freq  0.0455
36 10  freq  0.0412
36 16 39  freq  0.0323
36 16 2  freq  0.0512
36 16 1  freq  0.0546
36 16  freq  0.1142
36 39  freq  0.0548
36 2  freq  0.0847
36 1  freq  0.0946
36  freq  0.1946
9 19 29 34 24 4 39  freq  0.0419
9 19 29 34 24 4 0  freq  0.0469
9 19 29 34 24 4  freq  0.0883
9 19 29 34 24 39  freq  0.0467
9 19 29 34 24 0  freq  0.0508
9 19 29 34 24  freq  0.0955
9 19 29 34 4 39  freq  0.0505
9 19 29 34 4 0  freq  0.0548
9 19 29 34 4  freq  0.1053
9 19 29 34 39 0  freq  0.0345
9 19 29 34 39  freq  0.0575
9 19 29 34 0  freq  0.0608
9 19 29 34  freq  0.1164
9 19 29 24 4 39  freq  0.045
9 19 29 24 4 0  freq  0.0529
9 19 29 24 4  freq  0.1022
9 19 29 24 39  freq  0.0503
9 19 29 24 0  freq  0.0579
9 19 29 24  freq  0.1111
9 19 29 4 39 0  freq  0.0323
9 19 29 4 39  freq  0.0548
9 19 29 4 0  freq  0.0613
9 19 29 4  freq  0.1204
9 19 29 39 0  freq  0.0373
9 19 29 39  freq  0.0625
9 19 29 0  freq  0.0689
9 19 29 1  freq  0.0335
9 19 29  freq  0.1336
9 19 34 24 4 39  freq  0.0469
9 19 34 24 4 0  freq  0.0529
9 19 34 24 4  freq  0.1013
9 19 34 24 39  freq  0.0531
9 19 34 24 0  freq  0.0579
9 19 34 24  freq  0.1106
9 19 34 4 39 0  freq  0.0342
9 19 34 4 39  freq  0.0582
9 19 34 4 0  freq  0.0632
9 19 34 4  freq  0.1235
9 19 34 39 0  freq  0.0393
9 19 34 39  freq  0.067
9 19 34 2  freq  0.0323
9 19 34 0  freq  0.0704
9 19 34 1  freq  0.035
9 19 34  freq  0.1377
9 19 24 4 39  freq  0.0508
9 19 24 4 0  freq  0.0603
9 19 24 4  freq  0.1211
9 19 24 39 0  freq  0.0347
9 19 24 39  freq  0.0577
9 19 24 0  freq  0.067
9 19 24 1  freq  0.034
9 19 24  freq  0.1329
9 19 38 4  freq  0.0335
9 19 38  freq  0.0362
9 19 4 39 0  freq  0.0366
9 19 4 39  freq  0.0632
9 19 4 2  freq  0.035
9 19 4 0  freq  0.0711
9 19 4 1  freq  0.0385
9 19 4  freq  0.1446
9 19 15  freq  0.034
9 19 39 0  freq  0.0426
9 19 39  freq  0.073
9 19 2  freq  0.0383
9 19 0  freq  0.0804
9 19 1  freq  0.0429
9 19  freq  0.1616
9 29 34 24 4 39  freq  0.0421
9 29 34 24 4 0  freq  0.0479
9 29 34 24 4  freq  0.0895
9 29 34 24 39  freq  0.0469
9 29 34 24 0  freq  0.0517
9 29 34 24  freq  0.0967
9 29 34 4 39  freq  0.0539
9 29 34 4 0  freq  0.0575
9 29 34 4  freq  0.1106
9 29 34 39 0  freq  0.0364
9 29 34 39  freq  0.0618
9 29 34 0  freq  0.0639
9 29 34  freq  0.1233
9 29 24 4 39  freq  0.0452
9 29 24 4 0  freq  0.0543
9 29 24 4  freq  0.1058
9 29 24 39  freq  0.0508
9 29 24 0  freq  0.0601
9 29 24  freq  0.1154
9 29 38  freq  0.0338
9 29 4 39 0  freq  0.0338
9 29 4 39  freq  0.0582
9 29 4 0  freq  0.0651
9 29 4 1  freq  0.0338
9 29 4  freq  0.1293
9 29 39 0  freq  0.0397
9 29 39  freq  0.0673
9 29 2  freq  0.0338
9 29 0  freq  0.0747
9 29 1  freq  0.0378
9 29  freq  0.1463
9 34 24 4 39  freq  0.0472
9 34 24 4 0  freq  0.0543
9 34 24 4  freq  0.1037
9 34 24 39  freq  0.0536
9 34 24 0  freq  0.0594
9 34 24  freq  0.1132
9 34 38  freq  0.0357
9 34 4 39 0  freq  0.0362
9 34 4 39  freq  0.0634
9 34 4 0  freq  0.0685
9 34 4 1  freq  0.035
9 34 4  freq  0.1353
9 34 39 0  freq  0.0419
9 34 39  freq  0.0737
9 34 2  freq  0.035
9 34 0  freq  0.0773
9 34 1  freq  0.0417
9 34  freq  0.1539
9 24 4 39  freq  0.0512
9 24 4 0  freq  0.0622
9 24 4 1  freq  0.0345
9 24 4  freq  0.1286
9 24 15  freq  0.0326
9 24 39 0  freq  0.0352
9 24 39  freq  0.0589
9 24 2  freq  0.0347
9 24 0  freq  0.0706
9 24 1  freq  0.0373
9 24  freq  0.1427
9 38 4  freq  0.0376
9 38  freq  0.0438
9 4 15  freq  0.0383
9 4 39 0  freq  0.0397
9 4 39  freq  0.0723
9 4 2  freq  0.0417
9 4 0  freq  0.0795
9 4 1  freq  0.0469
9 4  freq  0.1681
9 15  freq  0.0441
9 13  freq  0.0328
9 39 0  freq  0.0474
9 39  freq  0.0859
9 2  freq  0.0469
9 0  freq  0.0934
9 1  freq  0.056
9  freq  0.1963
7 32 27 37 2 22  freq  0.0565
7 32 27 37 1 22  freq  0.0582
7 32 27 37 22  freq  0.1164
7 32 27 22 16  freq  0.0424
7 32 27 22 2  freq  0.0656
7 32 27 22 1  freq  0.0649
7 32 27 22  freq  0.1324
7 32 27 16  freq  0.0429
7 32 27 1  freq  0.0656
7 32 27  freq  0.1333
7 32 37 22 16  freq  0.0352
7 32 37 22 2  freq  0.0649
7 32 37 22 1  freq  0.0627
7 32 37 22  freq  0.1295
7 32 37 16  freq  0.0366
7 32 37 2  freq  0.0666
7 32 37 1  freq  0.0637
7 32 37  freq  0.1322
7 32 22 16  freq  0.0479
7 32 22 2  freq  0.0747
7 32 22 1  freq  0.0699
7 32 22  freq  0.147
7 32 16  freq  0.0541
7 32 2  freq  0.0804
7 32 1  freq  0.0749
7 32  freq  0.158
7 21  freq  0.0326
7 31  freq  0.0381
7 26  freq  0.0431
7 27 37 22 16  freq  0.0366
7 27 37 22 2  freq  0.0608
7 27 37 22 1  freq  0.0646
7 27 37 22  freq  0.1276
7 27 37 16  freq  0.0369
7 27 37 2  freq  0.061
7 27 37 1  freq  0.0649
7 27 37  freq  0.1281
7 27 22 16  freq  0.051
7 27 22 2  freq  0.0706
7 27 22 1  freq  0.0735
7 27 22  freq  0.1465
7 27 16  freq  0.0558
7 27 2  freq  0.0737
7 27 1  freq  0.078
7 27  freq  0.1547
7 37 22 16  freq  0.0443
7 37 22 2  freq  0.0711
7 37 22 1  freq  0.0721
7 37 22  freq  0.1456
7 37 16  freq  0.0491
7 37 2  freq  0.0759
7 37 1  freq  0.0752
7 37  freq  0.1535
7 22 16  freq  0.0591
7 22 2  freq  0.0816
7 22 1  freq  0.0816
7 22  freq  0.1661
7 16 2  freq  0.0381
7 16 1  freq  0.0378
7 16  freq  0.0771
7 2  freq  0.0967
7 1  freq  0.0974
7  freq  0.1987
25 21  freq  0.0326
25 31  freq  0.0464
25 30 20 35 15  freq  0.0347
25 30 20 35 5 10  freq  0.0474
25 30 20 35 5  freq  0.0508
25 30 20 35 10  freq  0.0543
25 30 20 35  freq  0.0637
25 30 20 15 5 10  freq  0.033
25 30 20 15 5  freq  0.0357
25 30 20 15 10  freq  0.0388
25 30 20 15  freq  0.0479
25 30 20 5 10  freq  0.0668
25 30 20 5  freq  0.0747
25 30 20 10  freq  0.0766
25 30 20 39  freq  0.0373
25 30 20 1  freq  0.0376
25 30 20  freq  0.0974
25 30 35 15  freq  0.0354
25 30 35 5 10  freq  0.0479
25 30 35 5  freq  0.0515
25 30 35 10  freq  0.0555
25 30 35  freq  0.0654
25 30 15 5 10  freq  0.0345
25 30 15 5  freq  0.0373
25 30 15 10  freq  0.0405
25 30 15  freq  0.051
25 30 5 10  freq  0.0716
25 30 5  freq  0.0816
25 30 10  freq  0.0826
25 30 39  freq  0.0409
25 30 2  freq  0.0371
25 30 1  freq  0.0436
25 30  freq  0.1104
25 29  freq  0.039
25 34  freq  0.0414
25 20 35 15 5 10  freq  0.0357
25 20 35 15 5  freq  0.0385
25 20 35 15 10  freq  0.0429
25 20 35 15  freq  0.0503
25 20 35 5 10  freq  0.068
25 20 35 5  freq  0.0733
25 20 35 10 39  freq  0.034
25 20 35 10  freq  0.0802
25 20 35 39  freq  0.039
25 20 35 1  freq  0.0333
25 20 35  freq  0.0929
25 20 15 5 10  freq  0.045
25 20 15 5  freq  0.0496
25 20 15 10  freq  0.0546
25 20 15  freq  0.0678
25 20 5 10 39  freq  0.0354
25 20 5 10 1  freq  0.0347
25 20 5 10  freq  0.0927
25 20 5 39  freq  0.0397
25 20 5 2  freq  0.0328
25 20 5 1  freq  0.0412
25 20 5  freq  0.1053
25 20 10 39  freq  0.0429
25 20 10 2  freq  0.034
25 20 10 0  freq  0.033
25 20 10 1  freq  0.0419
25 20 10  freq  0.1089
25 20 16  freq  0.0326
25 20 39  freq  0.0548
25 20 2  freq  0.045
25 20 0  freq  0.0402
25 20 1  freq  0.0551
25 20  freq  0.1403
25 4  freq  0.0323
25 35 15 5 10  freq  0.0366
25 35 15 5  freq  0.04
25 35 15 10  freq  0.0441
25 35 15  freq  0.0531
25 35 5 10  freq  0.0709
25 35 5  freq  0.0771
25 35 10 39  freq  0.0352
25 35 10  freq  0.0838
25 35 39  freq  0.0417
25 35 2  freq  0.033
25 35 1  freq  0.0352
25 35  freq  0.0998
25 15 5 10  freq  0.0493
25 15 5  freq  0.0553
25 15 10  freq  0.0601
25 15 39  freq  0.035
25 15  freq  0.0816
25 5 10 39  freq  0.0407
25 5 10 2  freq  0.0342
25 5 10 0  freq  0.033
25 5 10 1  freq  0.0412
25 5 10  freq  0.1085
25 5 16  freq  0.0342
25 5 39  freq  0.0476
25 5 2  freq  0.0414
25 5 0  freq  0.0378
25 5 1  freq  0.0508
25 5  freq  0.13
25 10 39  freq  0.0493
25 10 2  freq  0.0412
25 10 0  freq  0.0381
25 10 1  freq  0.0498
25 10  freq  0.129
25 16  freq  0.0484
25 39  freq  0.074
25 2  freq  0.0666
25 0  freq  0.0558
25 1  freq  0.0764
25  freq  0.1987
32 26  freq  0.0452
32 27 37 22 16  freq  0.033
32 27 37 22 2  freq  0.0603
32 27 37 22 1  freq  0.0622
32 27 37 22  freq  0.1245
32 27 37 1  freq  0.0625
32 27 37  freq  0.1247
32 27 22 16  freq  0.0498
32 27 22 2  freq  0.0716
32 27 22 1  freq  0.0742
32 27 22  freq  0.148
32 27 16  freq  0.0512
32 27 2  freq  0.073
32 27 1  freq  0.0761
32 27  freq  0.1515
32 37 22 16  freq  0.0393
32 37 22 2  freq  0.0706
32 37 22 1  freq  0.0682
32 37 22  freq  0.141
32 37 16  freq  0.0417
32 37 2  freq  0.073
32 37 1  freq  0.0709
32 37  freq  0.146
32 22 16  freq  0.0579
32 22 2  freq  0.0838
32 22 1  freq  0.0821
32 22  freq  0.1685
32 16 2  freq  0.0383
32 16 1  freq  0.0352
32 16  freq  0.0749
32 2  freq  0.0986
32 1  freq  0.0972
32  freq  0.1994
21 31 26 16  freq  0.0522
21 31 26 2  freq  0.04
21 31 26 1  freq  0.045
21 31 26  freq  0.0903
21 31 15  freq  0.0381
21 31 16 2  freq  0.0371
21 31 16 1  freq  0.0362
21 31 16  freq  0.0771
21 31 39  freq  0.0429
21 31 2  freq  0.0613
21 31 1  freq  0.067
21 31  freq  0.1365
21 26 15  freq  0.0385
21 26 16 2  freq  0.0352
21 26 16 1  freq  0.0369
21 26 16  freq  0.0761
21 26 39  freq  0.0443
21 26 2  freq  0.0599
21 26 1  freq  0.0673
21 26  freq  0.136
21 37  freq  0.0345
21 35  freq  0.0395
21 15  freq  0.0563
21 5  freq  0.0436
21 10  freq  0.0385
21 16 2  freq  0.052
21 16 1  freq  0.0505
21 16  freq  0.1087
21 39  freq  0.0613
21 2  freq  0.0891
21 1  freq  0.0972
21  freq  0.1994
31 26 16  freq  0.0579
31 26 39  freq  0.0347
31 26 2  freq  0.0476
31 26 1  freq  0.051
31 26  freq  0.1056
31 27  freq  0.0452
31 37  freq  0.0455
31 20  freq  0.0328
31 35  freq  0.0503
31 15  freq  0.0558
31 5 10  freq  0.0369
31 5  freq  0.0517
31 10  freq  0.051
31 16 2  freq  0.0479
31 16 1  freq  0.052
31 16  freq  0.1061
31 39  freq  0.0613
31 2  freq  0.0859
31 1  freq  0.0989
31  freq  0.1997
19 29 34 24 4 39  freq  0.0448
19 29 34 24 4 0  freq  0.0486
19 29 34 24 4  freq  0.0936
19 29 34 24 39  freq  0.052
19 29 34 24 0  freq  0.056
19 29 34 24  freq  0.1065
19 29 34 4 39 0  freq  0.0326
19 29 34 4 39  freq  0.0548
19 29 34 4 0  freq  0.0577
19 29 34 4  freq  0.113
19 29 34 39 0  freq  0.0402
19 29 34 39  freq  0.0663
19 29 34 0  freq  0.0689
19 29 34  freq  0.1329
19 29 24 4 39  freq  0.0498
19 29 24 4 0  freq  0.0572
19 29 24 4  freq  0.1118
19 29 24 39 0  freq  0.0373
19 29 24 39  freq  0.0601
19 29 24 0  freq  0.0687
19 29 24  freq  0.13
19 29 38  freq  0.0362
19 29 4 39 0  freq  0.0362
19 29 4 39  freq  0.061
19 29 4 2  freq  0.0323
19 29 4 0  freq  0.0668
19 29 4 1  freq  0.0333
19 29 4  freq  0.1324
19 29 39 0  freq  0.0476
19 29 39  freq  0.0771
19 29 2  freq  0.0373
19 29 0  freq  0.0833
19 29 1  freq  0.0388
19 29  freq  0.1594
19 34 24 4 39  freq  0.0512
19 34 24 4 0  freq  0.056
19 34 24 4  freq  0.1085
19 34 24 39 0  freq  0.0369
19 34 24 39  freq  0.061
19 34 24 0  freq  0.0666
19 34 24  freq  0.1271
19 34 38  freq  0.0362
19 34 4 39 0  freq  0.0378
19 34 4 39  freq  0.0642
19 34 4 2  freq  0.0328
19 34 4 0  freq  0.0675
19 34 4 1  freq  0.033
19 34 4  freq  0.1333
19 34 39 0  freq  0.0472
19 34 39  freq  0.0795
19 34 2  freq  0.0383
19 34 0  freq  0.0826
19 34 1  freq  0.04
19 34  freq  0.1609
19 24 38  freq  0.0364
19 24 4 39 0  freq  0.035
19 24 4 39  freq  0.0572
19 24 4 2  freq  0.0328
19 24 4 0  freq  0.0668
19 24 4 1  freq  0.0347
19 24 4  freq  0.1343
19 24 15  freq  0.0345
19 24 39 0  freq  0.0436
19 24 39  freq  0.0709
19 24 2  freq  0.0383
19 24 0  freq  0.0833
19 24 1  freq  0.0402
19 24  freq  0.1618
19 38 4  freq  0.0369
19 38  freq  0.0445
19 4 15  freq  0.0342
19 4 39 0  freq  0.0419
19 4 39  freq  0.0713
19 4 2  freq  0.0397
19 4 0  freq  0.0788
19 4 1  freq  0.0424
19 4  freq  0.1609
19 15  freq  0.0426
19 39 0  freq  0.0553
19 39  freq  0.0922
19 2  freq  0.0474
19 0  freq  0.1013
19 1  freq  0.051
19  freq  0.1997
30 26  freq  0.0472
30 34  freq  0.0347
30 20 35 15 5 10  freq  0.0366
30 20 35 15 5  freq  0.0395
30 20 35 15 10  freq  0.0436
30 20 35 15  freq  0.0539
30 20 35 5 10  freq  0.0654
30 20 35 5 39  freq  0.0328
30 20 35 5  freq  0.0713
30 20 35 10 39  freq  0.0364
30 20 35 10  freq  0.0788
30 20 35 39  freq  0.0438
30 20 35 2  freq  0.0323
30 20 35 1  freq  0.0376
30 20 35  freq  0.0972
30 20 15 5 10  freq  0.0462
30 20 15 5  freq  0.0505
30 20 15 10  freq  0.0555
30 20 15  freq  0.0713
30 20 5 10 39  freq  0.0378
30 20 5 10 1  freq  0.0354
30 20 5 10  freq  0.0912
30 20 5 39  freq  0.0412
30 20 5 2  freq  0.0335
30 20 5 1  freq  0.0421
30 20 5  freq  0.1027
30 20 10 39  freq  0.0448
30 20 10 2  freq  0.0371
30 20 10 1  freq  0.0433
30 20 10  freq  0.1085
30 20 16  freq  0.0328
30 20 39  freq  0.056
30 20 2  freq  0.0472
30 20 0  freq  0.0354
30 20 1  freq  0.0594
30 20  freq  0.142
30 24  freq  0.039
30 4  freq  0.0357
30 35 15 5 10  freq  0.0388
30 35 15 5  freq  0.0433
30 35 15 10  freq  0.0474
30 35 15  freq  0.0639
30 35 5 10 39  freq  0.033
30 35 5 10  freq  0.0704
30 35 5 39  freq  0.0371
30 35 5  freq  0.079
30 35 10 39  freq  0.0407
30 35 10 1  freq  0.033
30 35 10  freq  0.0871
30 35 39  freq  0.0515
30 35 2  freq  0.0397
30 35 1  freq  0.046
30 35  freq  0.1152
30 15 5 10  freq  0.0505
30 15 5  freq  0.0575
30 15 10  freq  0.0622
30 15 39  freq  0.0424
30 15 2  freq  0.033
30 15 1  freq  0.0357
30 15  freq  0.0938
30 5 10 39  freq  0.0429
30 5 10 2  freq  0.0362
30 5 10 1  freq  0.0407
30 5 10  freq  0.1046
30 5 39  freq  0.0496
30 5 2  freq  0.0407
30 5 0  freq  0.0323
30 5 1  freq  0.05
30 5  freq  0.1231
30 10 39  freq  0.052
30 10 2  freq  0.0438
30 10 1  freq  0.0512
30 10  freq  0.1269
30 16  freq  0.0488
30 39  freq  0.0757
30 2  freq  0.0685
30 0  freq  0.0472
30 1  freq  0.084
30  freq  0.1997
26 37  freq  0.0474
26 20  freq  0.0333
26 35 39  freq  0.0342
26 35  freq  0.0558
26 15  freq  0.0596
26 5  freq  0.0448
26 10  freq  0.0448
26 16 2  freq  0.0429
26 16 1  freq  0.0464
26 16  freq  0.0953
26 39 1  freq  0.0338
26 39  freq  0.0675
26 2  freq  0.0876
26 1  freq  0.0958
26  freq  0.1999
33 18 23 38 28 3 8 13 0  freq  0.1044
33 18 23 38 28 3 8 13  freq  0.1223
33 18 23 38 28 3 8 0  freq  0.1075
33 18 23 38 28 3 8  freq  0.1259
33 18 23 38 28 3 13 0  freq  0.1046
33 18 23 38 28 3 13  freq  0.1226
33 18 23 38 28 3 0  freq  0.1077
33 18 23 38 28 3  freq  0.1262
33 18 23 38 28 8 13 0  freq  0.1046
33 18 23 38 28 8 13  freq  0.1226
33 18 23 38 28 8 0  freq  0.1077
33 18 23 38 28 8  freq  0.1262
33 18 23 38 28 13 0  freq  0.1049
33 18 23 38 28 13  freq  0.1228
33 18 23 38 28 0  freq  0.108
33 18 23 38 28  freq  0.1264
33 18 23 38 3 8 13 0  freq  0.1053
33 18 23 38 3 8 13  freq  0.1235
33 18 23 38 3 8 0  freq  0.1085
33 18 23 38 3 8  freq  0.1276
33 18 23 38 3 13 0  freq  0.1056
33 18 23 38 3 13  freq  0.1238
33 18 23 38 3 0  freq  0.1089
33 18 23 38 3  freq  0.1281
33 18 23 38 8 13 0  freq  0.1063
33 18 23 38 8 13  freq  0.1245
33 18 23 38 8 0  freq  0.1094
33 18 23 38 8  freq  0.1286
33 18 23 38 13 0  freq  0.1068
33 18 23 38 13  freq  0.125
33 18 23 38 0  freq  0.1104
33 18 23 38  freq  0.1295
33 18 23 28 3 8 13 0  freq  0.1226
33 18 23 28 3 8 13  freq  0.1587
33 18 23 28 3 8 0  freq  0.1286
33 18 23 28 3 8  freq  0.1693
33 18 23 28 3 13 0  freq  0.1228
33 18 23 28 3 13  freq  0.159
33 18 23 28 3 0  freq  0.1288
33 18 23 28 3  freq  0.1695
33 18 23 28 8 13 0  freq  0.1233
33 18 23 28 8 13  freq  0.1594
33 18 23 28 8 0  freq  0.1293
33 18 23 28 8  freq  0.17
33 18 23 28 13 0  freq  0.124
33 18 23 28 13  freq  0.1602
33 18 23 28 0  freq  0.1302
33 18 23 28  freq  0.1709
33 18 23 3 8 13 0  freq  0.1235
33 18 23 3 8 13  freq  0.1606
33 18 23 3 8 0  freq  0.1302
33 18 23 3 8  freq  0.1729
33 18 23 3 13 0  freq  0.124
33 18 23 3 13  freq  0.1611
33 18 23 3 0  freq  0.131
33 18 23 3  freq  0.1736
33 18 23 8 13 0  freq  0.125
33 18 23 8 13  freq  0.1621
33 18 23 8 0  freq  0.1317
33 18 23 8  freq  0.1743
33 18 23 13 0  freq  0.1262
33 18 23 13  freq  0.1633
33 18 23 0  freq  0.1338
33 18 23  freq  0.1764
33 18 38 28 3 8 13 0  freq  0.108
33 18 38 28 3 8 13  freq  0.1259
33 18 38 28 3 8 0  freq  0.1128
33 18 38 28 3 8  freq  0.1312
33 18 38 28 3 13 0  freq  0.1085
33 18 38 28 3 13  freq  0.1264
33 18 38 28 3 0  freq  0.1132
33 18 38 28 3  freq  0.1317
33 18 38 28 8 13 0  freq  0.1085
33 18 38 28 8 13  freq  0.1264
33 18 38 28 8 0  freq  0.1132
33 18 38 28 8  freq  0.1317
33 18 38 28 13 0  freq  0.1089
33 18 38 28 13  freq  0.1269
33 18 38 28 0  freq  0.1137
33 18 38 28  freq  0.1322
33 18 38 3 8 13 0  freq  0.1099
33 18 38 3 8 13  freq  0.1281
33 18 38 3 8 0  freq  0.1147
33 18 38 3 8  freq  0.1341
33 18 38 3 13 0  freq  0.1108
33 18 38 3 13  freq  0.129
33 18 38 3 0  freq  0.1159
33 18 38 3  freq  0.1353
33 18 38 8 13 0  freq  0.1116
33 18 38 8 13  freq  0.1298
33 18 38 8 0  freq  0.1166
33 18 38 8  freq  0.136
33 18 38 13 0  freq  0.1128
33 18 38 13  freq  0.131
33 18 38 0  freq  0.1185
33 18 38  freq  0.1379
33 18 28 3 8 13 0  freq  0.1271
33 18 28 3 8 13  freq  0.1633
33 18 28 3 8 0  freq  0.135
33 18 28 3 8  freq  0.1757
33 18 28 3 13 0  freq  0.1276
33 18 28 3 13  freq  0.1638
33 18 28 3 0  freq  0.1355
33 18 28 3  freq  0.1762
33 18 28 8 13 0  freq  0.1281
33 18 28 8 13  freq  0.1642
33 18 28 8 0  freq  0.136
33 18 28 8  freq  0.1767
33 18 28 13 0  freq  0.129
33 18 28 13  freq  0.1652
33 18 28 0  freq  0.1372
33 18 28  freq  0.1779
33 18 3 8 13 0  freq  0.1295
33 18 3 8 13  freq  0.1666
33 18 3 8 39  freq  0.0326
33 18 3 8 0  freq  0.1381
33 18 3 8  freq  0.1812
33 18 3 13 0  freq  0.131
33 18 3 13  freq  0.1681
33 18 3 39  freq  0.0328
33 18 3 0  freq  0.1398
33 18 3  freq  0.1829
33 18 8 13 0  freq  0.1317
33 18 8 13  freq  0.1688
33 18 8 39  freq  0.033
33 18 8 0  freq  0.1405
33 18 8  freq  0.1836
33 18 13 0  freq  0.1338
33 18 13  freq  0.1709
33 18 39  freq  0.034
33 18 0  freq  0.1439
33 18  freq  0.187
33 23 38 28 3 8 13 0  freq  0.1046
33 23 38 28 3 8 13  freq  0.1226
33 23 38 28 3 8 0  freq  0.1077
33 23 38 28 3 8  freq  0.1262
33 23 38 28 3 13 0  freq  0.1049
33 23 38 28 3 13  freq  0.1228
33 23 38 28 3 0  freq  0.108
33 23 38 28 3  freq  0.1264
33 23 38 28 8 13 0  freq  0.1049
33 23 38 28 8 13  freq  0.1228
33 23 38 28 8 0  freq  0.108
33 23 38 28 8  freq  0.1264
33 23 38 28 13 0  freq  0.1051
33 23 38 28 13  freq  0.1231
33 23 38 28 0  freq  0.1082
33 23 38 28  freq  0.1266
33 23 38 3 8 13 0  freq  0.1056
33 23 38 3 8 13  freq  0.1238
33 23 38 3 8 0  freq  0.1087
33 23 38 3 8  freq  0.1278
33 23 38 3 13 0  freq  0.1058
33 23 38 3 13  freq  0.124
33 23 38 3 0  freq  0.1092
33 23 38 3  freq  0.1283
33 23 38 8 13 0  freq  0.1065
33 23 38 8 13  freq  0.1247
33 23 38 8 0  freq  0.1096
33 23 38 8  freq  0.1288
33 23 38 13 0  freq  0.107
33 23 38 13  freq  0.1252
33 23 38 0  freq  0.1106
33 23 38  freq  0.1298
33 23 28 3 8 13 0  freq  0.1228
33 23 28 3 8 13  freq  0.159
33 23 28 3 8 0  freq  0.1288
33 23 28 3 8  freq  0.1695
33 23 28 3 13 0  freq  0.1231
33 23 28 3 13  freq  0.1592
33 23 28 3 0  freq  0.129
33 23 28 3  freq  0.1697
33 23 28 8 13 0  freq  0.1235
33 23 28 8 13  freq  0.1597
33 23 28 8 0  freq  0.1295
33 23 28 8  freq  0.1702
33 23 28 13 0  freq  0.1243
33 23 28 13  freq  0.1604
33 23 28 0  freq  0.1305
33 23 28  freq  0.1712
33 23 3 8 13 0  freq  0.1238
33 23 3 8 13  freq  0.1609
33 23 3 8 0  freq  0.1305
33 23 3 8  freq  0.1733
33 23 3 13 0  freq  0.1243
33 23 3 13  freq  0.1614
33 23 3 0  freq  0.1312
33 23 3  freq  0.174
33 23 8 13 0  freq  0.1252
33 23 8 13  freq  0.1623
33 23 8 0  freq  0.1319
33 23 8  freq  0.1748
33 23 13 0  freq  0.1264
33 23 13  freq  0.1635
33 23 39  freq  0.0323
33 23 0  freq  0.1341
33 23  freq  0.1772
33 38 28 3 8 13 0  freq  0.1089
33 38 28 3 8 13  freq  0.1269
33 38 28 3 8 0  freq  0.114
33 38 28 3 8  freq  0.1326
33 38 28 3 13 0  freq  0.1096
33 38 28 3 13  freq  0.1276
33 38 28 3 0  freq  0.1147
33 38 28 3  freq  0.1333
33 38 28 8 13 0  freq  0.1096
33 38 28 8 13  freq  0.1276
33 38 28 8 0  freq  0.1147
33 38 28 8  freq  0.1333
33 38 28 13 0  freq  0.1113
33 38 28 13  freq  0.1293
33 38 28 0  freq  0.1166
33 38 28  freq  0.1353
33 38 3 8 13 0  freq  0.1108
33 38 3 8 13  freq  0.1293
33 38 3 8 0  freq  0.1164
33 38 3 8  freq  0.1362
33 38 3 13 0  freq  0.1125
33 38 3 13  freq  0.131
33 38 3 0  freq  0.1183
33 38 3  freq  0.1381
33 38 8 13 0  freq  0.1132
33 38 8 13  freq  0.1317
33 38 8 0  freq  0.1192
33 38 8  freq  0.1391
33 38 13 0  freq  0.1178
33 38 13  freq  0.1362
33 38 0  freq  0.1262
33 38  freq  0.1463
33 28 3 8 13 0  freq  0.1281
33 28 3 8 13  freq  0.1642
33 28 3 8 0  freq  0.1362
33 28 3 8  freq  0.1774
33 28 3 13 0  freq  0.1288
33 28 3 13  freq  0.165
33 28 3 0  freq  0.1369
33 28 3  freq  0.1781
33 28 8 13 0  freq  0.1293
33 28 8 13  freq  0.1654
33 28 8 0  freq  0.1374
33 28 8  freq  0.1786
33 28 13 0  freq  0.1314
33 28 13  freq  0.1676
33 28 0  freq  0.1401
33 28  freq  0.1812
33 3 8 13 0  freq  0.1305
33 3 8 13  freq  0.1678
33 3 8 39  freq  0.0342
33 3 8 0  freq  0.1408
33 3 8 1  freq  0.0326
33 3 8  freq  0.1853
33 3 13 0  freq  0.1326
33 3 13  freq  0.17
33 3 39  freq  0.0345
33 3 0  freq  0.1432
33 3  freq  0.1877
33 8 13 0  freq  0.1336
33 8 13  freq  0.1709
33 8 39  freq  0.0357
33 8 0  freq  0.1448
33 8 1  freq  0.0328
33 8  freq  0.1896
33 13 0  freq  0.1396
33 13  freq  0.1769
33 39  freq  0.0381
33 0  freq  0.1544
33 1  freq  0.0335
33  freq  0.2001
29 34 24 4 39  freq  0.045
29 34 24 4 0  freq  0.0496
29 34 24 4  freq  0.0948
29 34 24 39  freq  0.0522
29 34 24 0  freq  0.057
29 34 24  freq  0.108
29 34 38  freq  0.033
29 34 4 39 0  freq  0.0342
29 34 4 39  freq  0.0587
29 34 4 0  freq  0.0608
29 34 4  freq  0.1192
29 34 39 0  freq  0.0436
29 34 39  freq  0.0723
29 34 2  freq  0.0335
29 34 0  freq  0.074
29 34 1  freq  0.0359
29 34  freq  0.1434
29 24 38  freq  0.0333
29 24 4 39  freq  0.05
29 24 4 0  freq  0.0594
29 24 4  freq  0.118
29 24 39 0  freq  0.0383
29 24 39  freq  0.062
29 24 2  freq  0.0326
29 24 0  freq  0.0737
29 24 1  freq  0.035
29 24  freq  0.1412
29 38 4  freq  0.0354
29 38  freq  0.045
29 4 39 0  freq  0.0378
29 4 39  freq  0.0651
29 4 2  freq  0.0362
29 4 0  freq  0.0725
29 4 1  freq  0.0381
29 4  freq  0.1468
29 35  freq  0.0354
29 15  freq  0.0431
29 5  freq  0.033
29 13  freq  0.034
29 10  freq  0.0326
29 39 0  freq  0.0567
29 39  freq  0.0927
29 2  freq  0.0467
29 0  freq  0.1027
29 1  freq  0.0508
29  freq  0.2001
27 37 22 16  freq  0.0409
27 37 22 2  freq  0.0656
27 37 22 1  freq  0.0701
27 37 22  freq  0.1384
27 37 16  freq  0.0417
27 37 2  freq  0.0663
27 37 1  freq  0.0709
27 37  freq  0.1398
27 22 16 1  freq  0.0326
27 22 16  freq  0.0634
27 22 2  freq  0.0797
27 22 1  freq  0.0871
27 22  freq  0.1697
27 16 2  freq  0.0378
27 16 1  freq  0.0409
27 16  freq  0.0804
27 39  freq  0.0409
27 2  freq  0.0922
27 1  freq  0.1032
27  freq  0.2001
34 24 4 39  freq  0.0517
34 24 4 0  freq  0.0575
34 24 4  freq  0.1113
34 24 39  freq  0.0618
34 24 0  freq  0.0682
34 24  freq  0.1314
34 38 4  freq  0.0354
34 38  freq  0.046
34 4 39 0  freq  0.0405
34 4 39  freq  0.0709
34 4 2  freq  0.035
34 4 0  freq  0.074
34 4 1  freq  0.0395
34 4  freq  0.1484
34 15  freq  0.039
34 5  freq  0.034
34 13  freq  0.0328
34 39 0  freq  0.0539
34 39  freq  0.0967
34 2  freq  0.0474
34 0  freq  0.097
34 1  freq  0.0558
34  freq  0.2001
37 22 16  freq  0.0512
37 22 2  freq  0.0809
37 22 1  freq  0.08
37 22  freq  0.1642
37 16 2  freq  0.0354
37 16 1  freq  0.034
37 16  freq  0.0713
37 2  freq  0.0986
37 1  freq  0.097
37  freq  0.2001
22 16 2  freq  0.0357
22 16 1  freq  0.0385
22 16  freq  0.0757
22 2  freq  0.097
22 1  freq  0.0994
22  freq  0.2001
20 35 15 5 10  freq  0.0508
20 35 15 5  freq  0.0548
20 35 15 10  freq  0.0618
20 35 15 39  freq  0.0345
20 35 15  freq  0.0759
20 35 5 10 39  freq  0.0417
20 35 5 10 1  freq  0.0347
20 35 5 10  freq  0.0927
20 35 5 39  freq  0.045
20 35 5 1  freq  0.039
20 35 5  freq  0.101
20 35 10 39  freq  0.051
20 35 10 2  freq  0.0371
20 35 10 0  freq  0.0333
20 35 10 1  freq  0.0429
20 35 10  freq  0.1132
20 35 39  freq  0.0603
20 35 2  freq  0.0457
20 35 0  freq  0.0388
20 35 1  freq  0.0541
20 35  freq  0.1386
20 15 5 10  freq  0.062
20 15 5  freq  0.0685
20 15 10 39  freq  0.0333
20 15 10  freq  0.0764
20 15 39  freq  0.0431
20 15 2  freq  0.0333
20 15 1  freq  0.0364
20 15  freq  0.0986
20 5 10 39  freq  0.0508
20 5 10 2  freq  0.0393
20 5 10 0  freq  0.0357
20 5 10 1  freq  0.0496
20 5 10  freq  0.1245
20 5 16  freq  0.035
20 5 39  freq  0.0567
20 5 2  freq  0.0443
20 5 0  freq  0.0388
20 5 1  freq  0.0584
20 5  freq  0.1415
20 10 16  freq  0.035
20 10 39  freq  0.0615
20 10 2  freq  0.0493
20 10 0  freq  0.0409
20 10 1  freq  0.0613
20 10  freq  0.1515
20 16  freq  0.0479
20 39  freq  0.0802
20 2  freq  0.0656
20 0  freq  0.051
20 1  freq  0.0838
20  freq  0.2004
18 23 38 28 3 8 13 0  freq  0.1056
18 23 38 28 3 8 13  freq  0.1238
18 23 38 28 3 8 0  freq  0.1089
18 23 38 28 3 8  freq  0.1276
18 23 38 28 3 13 0  freq  0.1061
18 23 38 28 3 13  freq  0.1243
18 23 38 28 3 0  freq  0.1096
18 23 38 28 3  freq  0.1283
18 23 38 28 8 13 0  freq  0.1058
18 23 38 28 8 13  freq  0.124
18 23 38 28 8 0  freq  0.1092
18 23 38 28 8  freq  0.1278
18 23 38 28 13 0  freq  0.1073
18 23 38 28 13  freq  0.1254
18 23 38 28 0  freq  0.1111
18 23 38 28  freq  0.1298
18 23 38 3 8 13 0  freq  0.1065
18 23 38 3 8 13  freq  0.125
18 23 38 3 8 0  freq  0.1099
18 23 38 3 8  freq  0.1293
18 23 38 3 13 0  freq  0.107
18 23 38 3 13  freq  0.1257
18 23 38 3 0  freq  0.1108
18 23 38 3  freq  0.1305
18 23 38 8 13 0  freq  0.1075
18 23 38 8 13  freq  0.1259
18 23 38 8 0  freq  0.1108
18 23 38 8  freq  0.1302
18 23 38 13 0  freq  0.1092
18 23 38 13  freq  0.1278
18 23 38 0  freq  0.1135
18 23 38  freq  0.1331
18 23 28 3 8 13 0  freq  0.1247
18 23 28 3 8 13  freq  0.1616
18 23 28 3 8 0  freq  0.1312
18 23 28 3 8  freq  0.1743
18 23 28 3 13 0  freq  0.1252
18 23 28 3 13  freq  0.1623
18 23 28 3 0  freq  0.1319
18 23 28 3  freq  0.1752
18 23 28 8 13 0  freq  0.1257
18 23 28 8 13  freq  0.1626
18 23 28 8 0  freq  0.1322
18 23 28 8  freq  0.1752
18 23 28 13 0  freq  0.1278
18 23 28 13  freq  0.165
18 23 28 39  freq  0.0326
18 23 28 0  freq  0.1355
18 23 28  freq  0.1793
18 23 3 8 13 0  freq  0.1259
18 23 3 8 13  freq  0.164
18 23 3 8 39  freq  0.0323
18 23 3 8 0  freq  0.1331
18 23 3 8 1  freq  0.0328
18 23 3 8  freq  0.1786
18 23 3 13 0  freq  0.1266
18 23 3 13  freq  0.1652
18 23 3 39  freq  0.0326
18 23 3 0  freq  0.1345
18 23 3 1  freq  0.033
18 23 3  freq  0.1805
18 23 8 13 0  freq  0.1276
18 23 8 13  freq  0.1657
18 23 8 39  freq  0.033
18 23 8 0  freq  0.135
18 23 8  freq  0.1805
18 23 13 0  freq  0.131
18 23 13  freq  0.1702
18 23 39  freq  0.0359
18 23 0  freq  0.1408
18 23 1  freq  0.034
18 23  freq  0.1882
18 38 28 3 8 13 0  freq  0.1092
18 38 28 3 8 13  freq  0.1274
18 38 28 3 8 0  freq  0.1142
18 38 28 3 8  freq  0.1329
18 38 28 3 13 0  freq  0.1099
18 38 28 3 13  freq  0.1281
18 38 28 3 0  freq  0.1152
18 38 28 3  freq  0.1338
18 38 28 8 13 0  freq  0.1096
18 38 28 8 13  freq  0.1278
18 38 28 8 0  freq  0.1147
18 38 28 8  freq  0.1333
18 38 28 13 0  freq  0.1116
18 38 28 13  freq  0.1298
18 38 28 0  freq  0.1171
18 38 28  freq  0.1357
18 38 3 8 13 0  freq  0.1111
18 38 3 8 13  freq  0.1295
18 38 3 8 0  freq  0.1161
18 38 3 8  freq  0.1357
18 38 3 13 0  freq  0.1123
18 38 3 13  freq  0.131
18 38 3 0  freq  0.1178
18 38 3  freq  0.1377
18 38 8 13 0  freq  0.1128
18 38 8 13  freq  0.1312
18 38 8 0  freq  0.118
18 38 8  freq  0.1377
18 38 13 0  freq  0.1161
18 38 13  freq  0.1348
18 38 0  freq  0.1228
18 38  freq  0.1427
18 28 3 8 13 0  freq  0.1293
18 28 3 8 13  freq  0.1664
18 28 3 8 0  freq  0.1377
18 28 3 8  freq  0.181
18 28 3 13 0  freq  0.13
18 28 3 13  freq  0.1673
18 28 3 0  freq  0.1386
18 28 3  freq  0.1822
18 28 8 13 0  freq  0.1305
18 28 8 13  freq  0.1676
18 28 8 39  freq  0.0323
18 28 8 0  freq  0.1389
18 28 8  freq  0.1822
18 28 13 0  freq  0.1331
18 28 13  freq  0.1705
18 28 39  freq  0.0338
18 28 0  freq  0.1427
18 28  freq  0.1867
18 3 8 13 0  freq  0.1319
18 3 8 13  freq  0.1705
18 3 8 39  freq  0.0342
18 3 8 0  freq  0.141
18 3 8 1  freq  0.0333
18 3 8  freq  0.1875
18 3 13 0  freq  0.1336
18 3 13  freq  0.1726
18 3 39  freq  0.0347
18 3 0  freq  0.1434
18 3 1  freq  0.0335
18 3  freq  0.1903
18 8 13 0  freq  0.1343
18 8 13  freq  0.1729
18 8 39  freq  0.035
18 8 0  freq  0.1439
18 8  freq  0.1903
18 13 0  freq  0.1396
18 13  freq  0.1793
18 39  freq  0.0381
18 0  freq  0.152
18 1  freq  0.0345
18  freq  0.2004
24 38 4  freq  0.0326
24 38 0  freq  0.0352
24 38  freq  0.0457
24 4 15  freq  0.0342
24 4 39 0  freq  0.0352
24 4 39  freq  0.0587
24 4 2  freq  0.0381
24 4 0  freq  0.0699
24 4 1  freq  0.0409
24 4  freq  0.1489
24 35  freq  0.0409
24 15  freq  0.0467
24 13  freq  0.0366
24 10  freq  0.0362
24 39 0  freq  0.0469
24 39  freq  0.0773
24 2  freq  0.0491
24 0  freq  0.0984
24 1  freq  0.0531
24  freq  0.2006
23 38 28 3 8 13 0  freq  0.1058
23 38 28 3 8 13  freq  0.124
23 38 28 3 8 0  freq  0.1092
23 38 28 3 8  freq  0.1278
23 38 28 3 13 0  freq  0.1063
23 38 28 3 13  freq  0.1245
23 38 28 3 0  freq  0.1099
23 38 28 3  freq  0.1286
23 38 28 8 13 0  freq  0.1061
23 38 28 8 13  freq  0.1243
23 38 28 8 0  freq  0.1094
23 38 28 8  freq  0.1281
23 38 28 13 0  freq  0.1075
23 38 28 13  freq  0.1257
23 38 28 0  freq  0.1116
23 38 28  freq  0.1302
23 38 3 8 13 0  freq  0.1068
23 38 3 8 13  freq  0.1252
23 38 3 8 0  freq  0.1101
23 38 3 8  freq  0.1295
23 38 3 13 0  freq  0.1073
23 38 3 13  freq  0.1259
23 38 3 0  freq  0.1111
23 38 3  freq  0.1307
23 38 8 13 0  freq  0.1077
23 38 8 13  freq  0.1262
23 38 8 0  freq  0.1111
23 38 8  freq  0.1307
23 38 13 0  freq  0.1094
23 38 13  freq  0.1281
23 38 0  freq  0.1149
23 38  freq  0.135
23 28 3 8 13 0  freq  0.125
23 28 3 8 13  freq  0.1618
23 28 3 8 0  freq  0.1314
23 28 3 8  freq  0.1745
23 28 3 13 0  freq  0.1254
23 28 3 13  freq  0.1628
23 28 3 0  freq  0.1322
23 28 3  freq  0.176
23 28 8 13 0  freq  0.1259
23 28 8 13  freq  0.1628
23 28 8 0  freq  0.1324
23 28 8  freq  0.1755
23 28 13 0  freq  0.1283
23 28 13  freq  0.1659
23 28 39  freq  0.0338
23 28 0  freq  0.1377
23 28 1  freq  0.033
23 28  freq  0.1824
23 3 8 13 0  freq  0.1262
23 3 8 13  freq  0.1642
23 3 8 39  freq  0.0326
23 3 8 0  freq  0.1333
23 3 8 1  freq  0.0335
23 3 8  freq  0.1798
23 3 13 0  freq  0.1271
23 3 13  freq  0.1659
23 3 39  freq  0.0335
23 3 0  freq  0.135
23 3 1  freq  0.0347
23 3  freq  0.1834
23 8 13 0  freq  0.1278
23 8 13  freq  0.1661
23 8 39  freq  0.0338
23 8 0  freq  0.1357
23 8 1  freq  0.0338
23 8  freq  0.1831
23 13 0  freq  0.1317
23 13  freq  0.1721
23 39  freq  0.0412
23 0  freq  0.1458
23 1  freq  0.0373
23  freq  0.2006
38 28 3 8 13 0  freq  0.1104
38 28 3 8 13  freq  0.1286
38 28 3 8 0  freq  0.1156
38 28 3 8  freq  0.1345
38 28 3 13 0  freq  0.1113
38 28 3 13  freq  0.1298
38 28 3 0  freq  0.1168
38 28 3  freq  0.136
38 28 8 13 0  freq  0.1111
38 28 8 13  freq  0.1293
38 28 8 0  freq  0.1166
38 28 8  freq  0.1355
38 28 13 0  freq  0.1142
38 28 13  freq  0.1326
38 28 0  freq  0.1211
38 28  freq  0.1408
38 4  freq  0.0443
38 3 8 13 0  freq  0.1132
38 3 8 13  freq  0.1322
38 3 8 0  freq  0.1192
38 3 8  freq  0.1403
38 3 13 0  freq  0.1152
38 3 13  freq  0.1348
38 3 0  freq  0.1219
38 3  freq  0.1436
38 8 13 0  freq  0.1159
38 8 13  freq  0.1348
38 8 0  freq  0.1226
38 8  freq  0.1446
38 13 0  freq  0.1264
38 13  freq  0.1475
38 0  freq  0.1551
38  freq  0.2009
28 3 8 13 0  freq  0.1307
28 3 8 13  freq  0.1678
28 3 8 0  freq  0.1393
28 3 8  freq  0.1831
28 3 13 0  freq  0.1317
28 3 13  freq  0.1695
28 3 39  freq  0.0323
28 3 0  freq  0.1405
28 3 1  freq  0.0326
28 3  freq  0.1855
28 8 13 0  freq  0.1324
28 8 13  freq  0.1697
28 8 39  freq  0.0335
28 8 0  freq  0.1417
28 8  freq  0.1858
28 13 0  freq  0.1374
28 13  freq  0.1757
28 39  freq  0.0395
28 0  freq  0.153
28 1  freq  0.035
28  freq  0.2011
4 35  freq  0.0369
4 15  freq  0.0484
4 13  freq  0.0326
4 39 0  freq  0.0472
4 39  freq  0.0859
4 2  freq  0.0508
4 0  freq  0.0922
4 1  freq  0.0584
4  freq  0.2013
3 8 13 0  freq  0.1343
3 8 13  freq  0.1736
3 8 39  freq  0.0364
3 8 0  freq  0.1456
3 8 1  freq  0.0357
3 8  freq  0.1961
3 13 0  freq  0.1369
3 13  freq  0.1776
3 39  freq  0.0388
3 0  freq  0.1494
3 1  freq  0.0383
3  freq  0.2042
35 15 5 10  freq  0.057
35 15 5  freq  0.0656
35 15 10 39  freq  0.0342
35 15 10  freq  0.0725
35 15 39  freq  0.0505
35 15 2  freq  0.0366
35 15 1  freq  0.0431
35 15  freq  0.1099
35 5 10 39  freq  0.0498
35 5 10 2  freq  0.0342
35 5 10 0  freq  0.033
35 5 10 1  freq  0.0405
35 5 10  freq  0.1077
35 5 39  freq  0.0577
35 5 2  freq  0.0397
35 5 0  freq  0.0366
35 5 1  freq  0.0474
35 5  freq  0.1238
35 10 39  freq  0.0625
35 10 2  freq  0.0464
35 10 0  freq  0.039
35 10 1  freq  0.0522
35 10  freq  0.1377
35 16  freq  0.0472
35 39 1  freq  0.0381
35 39  freq  0.0907
35 2  freq  0.0699
35 0  freq  0.05
35 1  freq  0.085
35  freq  0.2049
15 5 10 39  freq  0.0342
15 5 10  freq  0.0747
15 5 39  freq  0.0426
15 5  freq  0.0898
15 10 39  freq  0.0438
15 10 1  freq  0.0362
15 10  freq  0.0977
15 39  freq  0.0855
15 2  freq  0.0713
15 0  freq  0.0515
15 1  freq  0.0826
15  freq  0.2054
8 13 0  freq  0.1381
8 13  freq  0.1779
8 39  freq  0.0414
8 0  freq  0.1527
8 1  freq  0.0373
8  freq  0.2066
5 10 16  freq  0.0431
5 10 39  freq  0.0673
5 10 2  freq  0.0541
5 10 0  freq  0.046
5 10 1  freq  0.0651
5 10  freq  0.1652
5 16  freq  0.0572
5 39 0  freq  0.0323
5 39  freq  0.0883
5 2  freq  0.0701
5 0  freq  0.0587
5 1  freq  0.0836
5  freq  0.2124
13 39  freq  0.045
13 0  freq  0.159
13 1  freq  0.0388
13  freq  0.2126
10 16  freq  0.0565
10 39  freq  0.0867
10 2  freq  0.0737
10 0  freq  0.0565
10 1  freq  0.0857
10  freq  0.2159
16 39  freq  0.0608
16 2  freq  0.1065
16 1  freq  0.1118
16  freq  0.2361
39 2  freq  0.0862
39 0  freq  0.107
39 1  freq  0.1077
39  freq  0.3009
2  freq  0.3129
0  freq  0.3213
1  freq  0.3658