0.4732
38 16 18 12 17  freq  0.6032
38 16 18 12  freq  0.6033
38 16 18 17  freq  0.6035
38 16 18  freq  0.6035
38 16 12 17  freq  0.6044
38 16 12  freq  0.6045
38 16 17  freq  0.6048
38 16  freq  0.6049
38 18 12 17  freq  0.617
38 18 12  freq  0.617
38 18 17  freq  0.6172
38 18  freq  0.6173
38 12 17  freq  0.6182
38 12  freq  0.6182
38 17  freq  0.6191
38  freq  0.6192
14 16 18 12 17  freq  0.6291
14 16 18 12  freq  0.6291
14 16 18 17  freq  0.6293
14 16 18  freq  0.6293
14 16 12 17  freq  0.6295
14 16 12  freq  0.6295
14 16 17  freq  0.6299
14 16  freq  0.6299
14 18 12 17  freq  0.6325
14 18 12  freq  0.6326
14 18 17  freq  0.6327
14 18  freq  0.6327
14 12 17  freq  0.6329
14 12  freq  0.6329
14 17  freq  0.6334
14  freq  0.6334
63 31 18 12 17  freq  0.6043
63 31 18 12  freq  0.6043
63 31 18 17  freq  0.6046
63 31 18  freq  0.6046
63 31 12 17  freq  0.6055
63 31 12  freq  0.6055
63 31 17  freq  0.6064
63 31  freq  0.6064
63 16 18 12 17  freq  0.6309
63 16 18 12  freq  0.631
63 16 18 17  freq  0.6312
63 16 18  freq  0.6313
63 16 12 17  freq  0.6322
63 16 12  freq  0.6323
63 16 17  freq  0.6327
63 16  freq  0.6328
63 18 12 17  freq  0.6462
63 18 12  freq  0.6462
63 18 17  freq  0.6465
63 18  freq  0.6466
63 12 17  freq  0.6475
63 12  freq  0.6476
63 17  freq  0.6486
63  freq  0.6486
22 31 16 18 12 17  freq  0.6332
22 31 16 18 12  freq  0.6332
22 31 16 18 17  freq  0.6334
22 31 16 18  freq  0.6335
22 31 16 12 17  freq  0.6343
22 31 16 12  freq  0.6344
22 31 16 17  freq  0.6346
22 31 16  freq  0.6346
22 31 18 12 17  freq  0.6433
22 31 18 12  freq  0.6434
22 31 18 17  freq  0.6436
22 31 18  freq  0.6436
22 31 12 17  freq  0.6445
22 31 12  freq  0.6445
22 31 17  freq  0.6447
22 31  freq  0.6448
22 16 18 12 17  freq  0.6625
22 16 18 12  freq  0.6625
22 16 18 17  freq  0.6628
22 16 18  freq  0.6628
22 16 12 17  freq  0.6638
22 16 12  freq  0.6638
22 16 17  freq  0.664
22 16  freq  0.6641
22 18 12 17  freq  0.675
22 18 12  freq  0.6751
22 18 17  freq  0.6753
22 18  freq  0.6754
22 12 17  freq  0.6763
22 12  freq  0.6763
22 17  freq  0.6766
22  freq  0.6766
1 21 16  freq  0.6
1 21 18 12 17  freq  0.6085
1 21 18 12  freq  0.6085
1 21 18 17  freq  0.6087
1 21 18  freq  0.6088
1 21 12 17  freq  0.6096
1 21 12  freq  0.6096
1 21 17  freq  0.6102
1 21  freq  0.6102
1 31 16 18 12 17  freq  0.6537
1 31 16 18 12  freq  0.6537
1 31 16 18 17  freq  0.6539
1 31 16 18  freq  0.654
1 31 16 12 17  freq  0.6548
1 31 16 12  freq  0.6548
1 31 16 17  freq  0.6551
1 31 16  freq  0.6551
1 31 18 12 17  freq  0.6628
1 31 18 12  freq  0.6628
1 31 18 17  freq  0.6631
1 31 18  freq  0.6631
1 31 12 17  freq  0.6639
1 31 12  freq  0.6639
1 31 17  freq  0.6644
1 31  freq  0.6644
1 16 18 12 17  freq  0.6771
1 16 18 12  freq  0.6771
1 16 18 17  freq  0.6773
1 16 18  freq  0.6774
1 16 12 17  freq  0.6783
1 16 12  freq  0.6783
1 16 17  freq  0.6787
1 16  freq  0.6787
1 18 12 17  freq  0.688
1 18 12  freq  0.688
1 18 17  freq  0.6883
1 18  freq  0.6883
1 12 17  freq  0.6892
1 12  freq  0.6892
1 17  freq  0.6899
1  freq  0.6899
8 24 43 17  freq  0.6002
8 24 43  freq  0.6003
8 24 29 16 12 17  freq  0.6007
8 24 29 16 12  freq  0.6007
8 24 29 16 17  freq  0.6011
8 24 29 16  freq  0.6012
8 24 29 18 12 17  freq  0.6135
8 24 29 18 12  freq  0.6136
8 24 29 18 17  freq  0.6138
8 24 29 18  freq  0.6139
8 24 29 12 17  freq  0.6148
8 24 29 12  freq  0.6149
8 24 29 17  freq  0.6159
8 24 29  freq  0.6159
8 24 21 18 12 17  freq  0.6067
8 24 21 18 12  freq  0.6067
8 24 21 18 17  freq  0.607
8 24 21 18  freq  0.607
8 24 21 12 17  freq  0.6079
8 24 21 12  freq  0.608
8 24 21 17  freq  0.6089
8 24 21  freq  0.609
8 24 31 16 18 12 17  freq  0.6389
8 24 31 16 18 12  freq  0.639
8 24 31 16 18 17  freq  0.6392
8 24 31 16 18  freq  0.6393
8 24 31 16 12 17  freq  0.6401
8 24 31 16 12  freq  0.6402
8 24 31 16 17  freq  0.6405
8 24 31 16  freq  0.6406
8 24 31 18 12 17  freq  0.6503
8 24 31 18 12  freq  0.6503
8 24 31 18 17  freq  0.6506
8 24 31 18  freq  0.6506
8 24 31 12 17  freq  0.6515
8 24 31 12  freq  0.6515
8 24 31 17  freq  0.6525
8 24 31  freq  0.6525
8 24 16 18 12 17  freq  0.6775
8 24 16 18 12  freq  0.6775
8 24 16 18 17  freq  0.6778
8 24 16 18  freq  0.6779
8 24 16 12 17  freq  0.6789
8 24 16 12  freq  0.6789
8 24 16 17  freq  0.6794
8 24 16  freq  0.6795
8 24 18 12 17  freq  0.6926
8 24 18 12  freq  0.6926
8 24 18 17  freq  0.6929
8 24 18  freq  0.693
8 24 12 17  freq  0.694
8 24 12  freq  0.694
8 24 17  freq  0.6952
8 24  freq  0.6952
8 43 18 12 17  freq  0.6043
8 43 18 12  freq  0.6044
8 43 18 17  freq  0.6046
8 43 18  freq  0.6047
8 43 12 17  freq  0.6055
8 43 12  freq  0.6056
8 43 17  freq  0.6065
8 43  freq  0.6066
8 29 16 18 12 17  freq  0.6057
8 29 16 18 12  freq  0.6057
8 29 16 18 17  freq  0.606
8 29 16 18  freq  0.606
8 29 16 12 17  freq  0.607
8 29 16 12  freq  0.6071
8 29 16 17  freq  0.6075
8 29 16  freq  0.6076
8 29 18 12 17  freq  0.6201
8 29 18 12  freq  0.6202
8 29 18 17  freq  0.6204
8 29 18  freq  0.6205
8 29 12 17  freq  0.6215
8 29 12  freq  0.6215
8 29 17  freq  0.6225
8 29  freq  0.6226
8 21 16 12 17  freq  0.6005
8 21 16 12  freq  0.6006
8 21 16 17  freq  0.601
8 21 16  freq  0.601
8 21 18 12 17  freq  0.6132
8 21 18 12  freq  0.6132
8 21 18 17  freq  0.6135
8 21 18  freq  0.6135
8 21 12 17  freq  0.6145
8 21 12  freq  0.6145
8 21 17  freq  0.6155
8 21  freq  0.6155
8 31 16 18 12 17  freq  0.6454
8 31 16 18 12  freq  0.6454
8 31 16 18 17  freq  0.6457
8 31 16 18  freq  0.6457
8 31 16 12 17  freq  0.6466
8 31 16 12  freq  0.6466
8 31 16 17  freq  0.647
8 31 16  freq  0.647
8 31 18 12 17  freq  0.6569
8 31 18 12  freq  0.657
8 31 18 17  freq  0.6572
8 31 18  freq  0.6573
8 31 12 17  freq  0.6581
8 31 12  freq  0.6582
8 31 17  freq  0.6591
8 31  freq  0.6592
8 16 18 12 17  freq  0.6847
8 16 18 12  freq  0.6847
8 16 18 17  freq  0.685
8 16 18  freq  0.6851
8 16 12 17  freq  0.6861
8 16 12  freq  0.6862
8 16 17  freq  0.6866
8 16  freq  0.6867
8 18 12 17  freq  0.7001
8 18 12  freq  0.7001
8 18 17  freq  0.7004
8 18  freq  0.7005
8 12 17  freq  0.7015
8 12  freq  0.7016
8 17  freq  0.7027
8  freq  0.7027
59 41 31 16 18 12 17  freq  0.6116
59 41 31 16 18 12  freq  0.6117
59 41 31 16 18 17  freq  0.6118
59 41 31 16 18  freq  0.6118
59 41 31 16 12 17  freq  0.6128
59 41 31 16 12  freq  0.6129
59 41 31 16 17  freq  0.6129
59 41 31 16  freq  0.613
59 41 31 18 12 17  freq  0.6213
59 41 31 18 12  freq  0.6214
59 41 31 18 17  freq  0.6214
59 41 31 18  freq  0.6215
59 41 31 12 17  freq  0.6225
59 41 31 12  freq  0.6226
59 41 31 17  freq  0.6226
59 41 31  freq  0.6227
59 41 16 18 12 17  freq  0.6252
59 41 16 18 12  freq  0.6253
59 41 16 18 17  freq  0.6253
59 41 16 18  freq  0.6254
59 41 16 12 17  freq  0.6264
59 41 16 12  freq  0.6265
59 41 16 17  freq  0.6266
59 41 16  freq  0.6266
59 41 18 12 17  freq  0.6356
59 41 18 12  freq  0.6356
59 41 18 17  freq  0.6357
59 41 18  freq  0.6358
59 41 12 17  freq  0.6368
59 41 12  freq  0.6369
59 41 17  freq  0.637
59 41  freq  0.637
59 27 31 18 12 17  freq  0.6064
59 27 31 18 12  freq  0.6064
59 27 31 18 17  freq  0.6065
59 27 31 18  freq  0.6065
59 27 31 12 17  freq  0.6073
59 27 31 12  freq  0.6074
59 27 31 17  freq  0.6075
59 27 31  freq  0.6075
59 27 16 18 12 17  freq  0.6119
59 27 16 18 12  freq  0.6119
59 27 16 18 17  freq  0.612
59 27 16 18  freq  0.612
59 27 16 12 17  freq  0.6129
59 27 16 12  freq  0.613
59 27 16 17  freq  0.6131
59 27 16  freq  0.6131
59 27 18 12 17  freq  0.6207
59 27 18 12  freq  0.6208
59 27 18 17  freq  0.6209
59 27 18  freq  0.6209
59 27 12 17  freq  0.6218
59 27 12  freq  0.6219
59 27 17  freq  0.622
59 27  freq  0.622
59 43 31 16 18 12 17  freq  0.6188
59 43 31 16 18 12  freq  0.6189
59 43 31 16 18 17  freq  0.619
59 43 31 16 18  freq  0.619
59 43 31 16 12 17  freq  0.6199
59 43 31 16 12  freq  0.62
59 43 31 16 17  freq  0.6201
59 43 31 16  freq  0.6201
59 43 31 18 12 17  freq  0.6279
59 43 31 18 12  freq  0.6279
59 43 31 18 17  freq  0.628
59 43 31 18  freq  0.6281
59 43 31 12 17  freq  0.629
59 43 31 12  freq  0.629
59 43 31 17  freq  0.6291
59 43 31  freq  0.6292
59 43 16 18 12 17  freq  0.6338
59 43 16 18 12  freq  0.6338
59 43 16 18 17  freq  0.6339
59 43 16 18  freq  0.634
59 43 16 12 17  freq  0.6349
59 43 16 12  freq  0.635
59 43 16 17  freq  0.6351
59 43 16  freq  0.6352
59 43 18 12 17  freq  0.6436
59 43 18 12  freq  0.6436
59 43 18 17  freq  0.6437
59 43 18  freq  0.6438
59 43 12 17  freq  0.6447
59 43 12  freq  0.6448
59 43 17  freq  0.6449
59 43  freq  0.645
59 29 31 16 18 12 17  freq  0.619
59 29 31 16 18 12  freq  0.6191
59 29 31 16 18 17  freq  0.6192
59 29 31 16 18  freq  0.6192
59 29 31 16 12 17  freq  0.6202
59 29 31 16 12  freq  0.6203
59 29 31 16 17  freq  0.6204
59 29 31 16  freq  0.6204
59 29 31 18 12 17  freq  0.6294
59 29 31 18 12  freq  0.6294
59 29 31 18 17  freq  0.6295
59 29 31 18  freq  0.6296
59 29 31 12 17  freq  0.6306
59 29 31 12  freq  0.6306
59 29 31 17  freq  0.6308
59 29 31  freq  0.6308
59 29 16 18 12 17  freq  0.6333
59 29 16 18 12  freq  0.6334
59 29 16 18 17  freq  0.6335
59 29 16 18  freq  0.6335
59 29 16 12 17  freq  0.6346
59 29 16 12  freq  0.6347
59 29 16 17  freq  0.6348
59 29 16  freq  0.6348
59 29 18 12 17  freq  0.6445
59 29 18 12  freq  0.6446
59 29 18 17  freq  0.6447
59 29 18  freq  0.6447
59 29 12 17  freq  0.6458
59 29 12  freq  0.6459
59 29 17  freq  0.646
59 29  freq  0.6461
59 21 31 16 18 12 17  freq  0.6292
59 21 31 16 18 12  freq  0.6293
59 21 31 16 18 17  freq  0.6294
59 21 31 16 18  freq  0.6294
59 21 31 16 12 17  freq  0.6304
59 21 31 16 12  freq  0.6305
59 21 31 16 17  freq  0.6306
59 21 31 16  freq  0.6306
59 21 31 18 12 17  freq  0.6393
59 21 31 18 12  freq  0.6394
59 21 31 18 17  freq  0.6395
59 21 31 18  freq  0.6395
59 21 31 12 17  freq  0.6405
59 21 31 12  freq  0.6406
59 21 31 17  freq  0.6407
59 21 31  freq  0.6408
59 21 16 18 12 17  freq  0.642
59 21 16 18 12  freq  0.6421
59 21 16 18 17  freq  0.6421
59 21 16 18  freq  0.6422
59 21 16 12 17  freq  0.6433
59 21 16 12  freq  0.6433
59 21 16 17  freq  0.6434
59 21 16  freq  0.6435
59 21 18 12 17  freq  0.6529
59 21 18 12  freq  0.653
59 21 18 17  freq  0.6531
59 21 18  freq  0.6531
59 21 12 17  freq  0.6542
59 21 12  freq  0.6542
59 21 17  freq  0.6543
59 21  freq  0.6544
59 31 16 18 12 17  freq  0.6942
59 31 16 18 12  freq  0.6942
59 31 16 18 17  freq  0.6943
59 31 16 18  freq  0.6944
59 31 16 12 17  freq  0.6954
59 31 16 12  freq  0.6955
59 31 16 17  freq  0.6956
59 31 16  freq  0.6956
59 31 18 12 17  freq  0.7049
59 31 18 12  freq  0.7049
59 31 18 17  freq  0.705
59 31 18  freq  0.7051
59 31 12 17  freq  0.7061
59 31 12  freq  0.7062
59 31 17  freq  0.7063
59 31  freq  0.7064
59 16 18 12 17  freq  0.7108
59 16 18 12  freq  0.7109
59 16 18 17  freq  0.711
59 16 18  freq  0.711
59 16 12 17  freq  0.7122
59 16 12  freq  0.7122
59 16 17  freq  0.7123
59 16  freq  0.7124
59 18 12 17  freq  0.7224
59 18 12  freq  0.7225
59 18 17  freq  0.7226
59 18  freq  0.7226
59 12 17  freq  0.7237
59 12  freq  0.7238
59 17  freq  0.7239
59  freq  0.724
25 28 16 18 12 17  freq  0.608
25 28 16 18 12  freq  0.608
25 28 16 18 17  freq  0.6082
25 28 16 18  freq  0.6083
25 28 16 12 17  freq  0.6095
25 28 16 12  freq  0.6095
25 28 16 17  freq  0.6099
25 28 16  freq  0.61
25 28 18 12 17  freq  0.623
25 28 18 12  freq  0.623
25 28 18 17  freq  0.6232
25 28 18  freq  0.6233
25 28 12 17  freq  0.6245
25 28 12  freq  0.6245
25 28 17  freq  0.6256
25 28  freq  0.6257
25 15 16 17  freq  0.6003
25 15 16  freq  0.6004
25 15 18 12 17  freq  0.6124
25 15 18 12  freq  0.6125
25 15 18 17  freq  0.6127
25 15 18  freq  0.6128
25 15 12 17  freq  0.6139
25 15 12  freq  0.614
25 15 17  freq  0.6154
25 15  freq  0.6155
25 24 16 18 12 17  freq  0.6053
25 24 16 18 12  freq  0.6053
25 24 16 18 17  freq  0.6056
25 24 16 18  freq  0.6057
25 24 16 12 17  freq  0.6066
25 24 16 12  freq  0.6066
25 24 16 17  freq  0.6071
25 24 16  freq  0.6072
25 24 18 12 17  freq  0.6178
25 24 18 12  freq  0.6179
25 24 18 17  freq  0.6181
25 24 18  freq  0.6182
25 24 12 17  freq  0.6191
25 24 12  freq  0.6191
25 24 17  freq  0.6204
25 24  freq  0.6204
25 27 18 12 17  freq  0.6092
25 27 18 12  freq  0.6093
25 27 18 17  freq  0.6095
25 27 18  freq  0.6096
25 27 12 17  freq  0.6103
25 27 12  freq  0.6104
25 27 17  freq  0.6116
25 27  freq  0.6117
25 43 31 16 18 12 17  freq  0.6056
25 43 31 16 18 12  freq  0.6057
25 43 31 16 18 17  freq  0.6059
25 43 31 16 18  freq  0.606
25 43 31 16 12 17  freq  0.6067
25 43 31 16 12  freq  0.6068
25 43 31 16 17  freq  0.6072
25 43 31 16  freq  0.6072
25 43 31 18 12 17  freq  0.615
25 43 31 18 12  freq  0.6151
25 43 31 18 17  freq  0.6153
25 43 31 18  freq  0.6154
25 43 31 12 17  freq  0.6161
25 43 31 12  freq  0.6162
25 43 31 17  freq  0.6173
25 43 31  freq  0.6173
25 43 16 18 12 17  freq  0.6461
25 43 16 18 12  freq  0.6462
25 43 16 18 17  freq  0.6465
25 43 16 18  freq  0.6465
25 43 16 12 17  freq  0.6474
25 43 16 12  freq  0.6475
25 43 16 17  freq  0.648
25 43 16  freq  0.648
25 43 18 12 17  freq  0.6585
25 43 18 12  freq  0.6586
25 43 18 17  freq  0.6589
25 43 18  freq  0.659
25 43 12 17  freq  0.6598
25 43 12  freq  0.6599
25 43 17  freq  0.6612
25 43  freq  0.6613
25 29 31 16 18 17  freq  0.6001
25 29 31 16 18  freq  0.6001
25 29 31 16 12 17  freq  0.6011
25 29 31 16 12  freq  0.6011
25 29 31 16 17  freq  0.6015
25 29 31 16  freq  0.6016
25 29 31 18 12 17  freq  0.6104
25 29 31 18 12  freq  0.6105
25 29 31 18 17  freq  0.6107
25 29 31 18  freq  0.6108
25 29 31 12 17  freq  0.6117
25 29 31 12  freq  0.6118
25 29 31 17  freq  0.6129
25 29 31  freq  0.6129
25 29 16 18 12 17  freq  0.642
25 29 16 18 12  freq  0.6421
25 29 16 18 17  freq  0.6424
25 29 16 18  freq  0.6424
25 29 16 12 17  freq  0.6435
25 29 16 12  freq  0.6436
25 29 16 17  freq  0.644
25 29 16  freq  0.6441
25 29 18 12 17  freq  0.6561
25 29 18 12  freq  0.6562
25 29 18 17  freq  0.6565
25 29 18  freq  0.6566
25 29 12 17  freq  0.6576
25 29 12  freq  0.6577
25 29 17  freq  0.659
25 29  freq  0.6591
25 21 31 16 18 12 17  freq  0.6035
25 21 31 16 18 12  freq  0.6035
25 21 31 16 18 17  freq  0.6038
25 21 31 16 18  freq  0.6038
25 21 31 16 12 17  freq  0.6047
25 21 31 16 12  freq  0.6047
25 21 31 16 17  freq  0.6051
25 21 31 16  freq  0.6052
25 21 31 18 12 17  freq  0.6138
25 21 31 18 12  freq  0.6139
25 21 31 18 17  freq  0.6141
25 21 31 18  freq  0.6142
25 21 31 12 17  freq  0.615
25 21 31 12  freq  0.6151
25 21 31 17  freq  0.6162
25 21 31  freq  0.6163
25 21 16 18 12 17  freq  0.6423
25 21 16 18 12  freq  0.6423
25 21 16 18 17  freq  0.6426
25 21 16 18  freq  0.6427
25 21 16 12 17  freq  0.6436
25 21 16 12  freq  0.6437
25 21 16 17  freq  0.6442
25 21 16  freq  0.6443
25 21 18 12 17  freq  0.656
25 21 18 12  freq  0.656
25 21 18 17  freq  0.6563
25 21 18  freq  0.6564
25 21 12 17  freq  0.6573
25 21 12  freq  0.6574
25 21 17  freq  0.6587
25 21  freq  0.6588
25 31 16 18 12 17  freq  0.693
25 31 16 18 12  freq  0.693
25 31 16 18 17  freq  0.6933
25 31 16 18  freq  0.6933
25 31 16 12 17  freq  0.6943
25 31 16 12  freq  0.6943
25 31 16 17  freq  0.6948
25 31 16  freq  0.6949
25 31 18 12 17  freq  0.7042
25 31 18 12  freq  0.7043
25 31 18 17  freq  0.7046
25 31 18  freq  0.7046
25 31 12 17  freq  0.7055
25 31 12  freq  0.7056
25 31 17  freq  0.7069
25 31  freq  0.7069
25 16 18 12 17  freq  0.7413
25 16 18 12  freq  0.7414
25 16 18 17  freq  0.7417
25 16 18  freq  0.7418
25 16 12 17  freq  0.7429
25 16 12  freq  0.7429
25 16 17  freq  0.7435
25 16  freq  0.7436
25 18 12 17  freq  0.7565
25 18 12  freq  0.7565
25 18 17  freq  0.7569
25 18  freq  0.757
25 12 17  freq  0.758
25 12  freq  0.7581
25 17  freq  0.7596
25  freq  0.7597
41 28 31 18 12 17  freq  0.6097
41 28 31 18 12  freq  0.6098
41 28 31 18 17  freq  0.6099
41 28 31 18  freq  0.6099
41 28 31 12 17  freq  0.611
41 28 31 12  freq  0.6111
41 28 31 17  freq  0.6117
41 28 31  freq  0.6118
41 28 16 18 12 17  freq  0.6163
41 28 16 18 12  freq  0.6163
41 28 16 18 17  freq  0.6164
41 28 16 18  freq  0.6165
41 28 16 12 17  freq  0.6177
41 28 16 12  freq  0.6178
41 28 16 17  freq  0.618
41 28 16  freq  0.6181
41 28 18 12 17  freq  0.6299
41 28 18 12  freq  0.63
41 28 18 17  freq  0.6301
41 28 18  freq  0.6301
41 28 12 17  freq  0.6314
41 28 12  freq  0.6314
41 28 17  freq  0.6321
41 28  freq  0.6322
41 15 31 16 18 12 17  freq  0.6028
41 15 31 16 18 12  freq  0.6028
41 15 31 16 18 17  freq  0.6029
41 15 31 16 18  freq  0.603
41 15 31 16 12 17  freq  0.604
41 15 31 16 12  freq  0.604
41 15 31 16 17  freq  0.6043
41 15 31 16  freq  0.6043
41 15 31 18 12 17  freq  0.6118
41 15 31 18 12  freq  0.6118
41 15 31 18 17  freq  0.6119
41 15 31 18  freq  0.612
41 15 31 12 17  freq  0.613
41 15 31 12  freq  0.613
41 15 31 17  freq  0.6139
41 15 31  freq  0.6139
41 15 16 18 12 17  freq  0.6209
41 15 16 18 12  freq  0.621
41 15 16 18 17  freq  0.6211
41 15 16 18  freq  0.6212
41 15 16 12 17  freq  0.6222
41 15 16 12  freq  0.6223
41 15 16 17  freq  0.6225
41 15 16  freq  0.6226
41 15 18 12 17  freq  0.6313
41 15 18 12  freq  0.6314
41 15 18 17  freq  0.6315
41 15 18  freq  0.6315
41 15 12 17  freq  0.6326
41 15 12  freq  0.6327
41 15 17  freq  0.6336
41 15  freq  0.6336
41 24 31 18 12 17  freq  0.6076
41 24 31 18 12  freq  0.6076
41 24 31 18 17  freq  0.6078
41 24 31 18  freq  0.6078
41 24 31 12 17  freq  0.6088
41 24 31 12  freq  0.6088
41 24 31 17  freq  0.6096
41 24 31  freq  0.6096
41 24 16 18 12 17  freq  0.6156
41 24 16 18 12  freq  0.6156
41 24 16 18 17  freq  0.6158
41 24 16 18  freq  0.6158
41 24 16 12 17  freq  0.6168
41 24 16 12  freq  0.6169
41 24 16 17  freq  0.6171
41 24 16  freq  0.6172
41 24 18 12 17  freq  0.6273
41 24 18 12  freq  0.6274
41 24 18 17  freq  0.6275
41 24 18  freq  0.6276
41 24 12 17  freq  0.6286
41 24 12  freq  0.6287
41 24 17  freq  0.6295
41 24  freq  0.6295
41 27 21 31 16 18 12 17  freq  0.6019
41 27 21 31 16 18 12  freq  0.6019
41 27 21 31 16 18 17  freq  0.602
41 27 21 31 16 18  freq  0.6021
41 27 21 31 16 12 17  freq  0.6029
41 27 21 31 16 12  freq  0.603
41 27 21 31 16 17  freq  0.6032
41 27 21 31 16  freq  0.6032
41 27 21 31 18 12 17  freq  0.6112
41 27 21 31 18 12  freq  0.6113
41 27 21 31 18 17  freq  0.6114
41 27 21 31 18  freq  0.6114
41 27 21 31 12 17  freq  0.6123
41 27 21 31 12  freq  0.6123
41 27 21 31 17  freq  0.613
41 27 21 31  freq  0.6131
41 27 21 16 18 12 17  freq  0.6186
41 27 21 16 18 12  freq  0.6186
41 27 21 16 18 17  freq  0.6187
41 27 21 16 18  freq  0.6188
41 27 21 16 12 17  freq  0.6197
41 27 21 16 12  freq  0.6198
41 27 21 16 17  freq  0.62
41 27 21 16  freq  0.62
41 27 21 18 12 17  freq  0.6293
41 27 21 18 12  freq  0.6294
41 27 21 18 17  freq  0.6295
41 27 21 18  freq  0.6296
41 27 21 12 17  freq  0.6305
41 27 21 12  freq  0.6305
41 27 21 17  freq  0.6313
41 27 21  freq  0.6313
41 27 31 16 18 12 17  freq  0.6253
41 27 31 16 18 12  freq  0.6254
41 27 31 16 18 17  freq  0.6255
41 27 31 16 18  freq  0.6255
41 27 31 16 12 17  freq  0.6264
41 27 31 16 12  freq  0.6265
41 27 31 16 17  freq  0.6267
41 27 31 16  freq  0.6267
41 27 31 18 12 17  freq  0.6349
41 27 31 18 12  freq  0.635
41 27 31 18 17  freq  0.6351
41 27 31 18  freq  0.6351
41 27 31 12 17  freq  0.636
41 27 31 12  freq  0.6361
41 27 31 17  freq  0.6368
41 27 31  freq  0.6369
41 27 16 18 12 17  freq  0.6439
41 27 16 18 12  freq  0.644
41 27 16 18 17  freq  0.6441
41 27 16 18  freq  0.6442
41 27 16 12 17  freq  0.6451
41 27 16 12  freq  0.6452
41 27 16 17  freq  0.6454
41 27 16  freq  0.6455
41 27 18 12 17  freq  0.655
41 27 18 12  freq  0.6551
41 27 18 17  freq  0.6552
41 27 18  freq  0.6553
41 27 12 17  freq  0.6562
41 27 12  freq  0.6563
41 27 17  freq  0.6571
41 27  freq  0.6571
41 43 21 17  freq  0.6004
41 43 21  freq  0.6005
41 43 31 16 18 12 17  freq  0.6398
41 43 31 16 18 12  freq  0.6399
41 43 31 16 18 17  freq  0.64
41 43 31 16 18  freq  0.6401
41 43 31 16 12 17  freq  0.641
41 43 31 16 12  freq  0.6411
41 43 31 16 17  freq  0.6413
41 43 31 16  freq  0.6414
41 43 31 18 12 17  freq  0.6499
41 43 31 18 12  freq  0.65
41 43 31 18 17  freq  0.6501
41 43 31 18  freq  0.6502
41 43 31 12 17  freq  0.6511
41 43 31 12  freq  0.6512
41 43 31 17  freq  0.652
41 43 31  freq  0.652
41 43 16 18 12 17  freq  0.661
41 43 16 18 12  freq  0.6611
41 43 16 18 17  freq  0.6612
41 43 16 18  freq  0.6613
41 43 16 12 17  freq  0.6624
41 43 16 12  freq  0.6624
41 43 16 17  freq  0.6627
41 43 16  freq  0.6628
41 43 18 12 17  freq  0.6727
41 43 18 12  freq  0.6728
41 43 18 17  freq  0.6729
41 43 18  freq  0.673
41 43 12 17  freq  0.674
41 43 12  freq  0.6741
41 43 17  freq  0.6749
41 43  freq  0.675
41 29 21 31 18 12 17  freq  0.6048
41 29 21 31 18 12  freq  0.6049
41 29 21 31 18 17  freq  0.605
41 29 21 31 18  freq  0.605
41 29 21 31 12 17  freq  0.606
41 29 21 31 12  freq  0.6061
41 29 21 31 17  freq  0.6068
41 29 21 31  freq  0.6069
41 29 21 16 18 12 17  freq  0.6103
41 29 21 16 18 12  freq  0.6104
41 29 21 16 18 17  freq  0.6105
41 29 21 16 18  freq  0.6106
41 29 21 16 12 17  freq  0.6117
41 29 21 16 12  freq  0.6117
41 29 21 16 17  freq  0.612
41 29 21 16  freq  0.612
41 29 21 18 12 17  freq  0.623
41 29 21 18 12  freq  0.623
41 29 21 18 17  freq  0.6232
41 29 21 18  freq  0.6233
41 29 21 12 17  freq  0.6243
41 29 21 12  freq  0.6244
41 29 21 17  freq  0.6252
41 29 21  freq  0.6252
41 29 31 16 18 12 17  freq  0.6555
41 29 31 16 18 12  freq  0.6556
41 29 31 16 18 17  freq  0.6557
41 29 31 16 18  freq  0.6558
41 29 31 16 12 17  freq  0.6568
41 29 31 16 12  freq  0.6569
41 29 31 16 17  freq  0.6571
41 29 31 16  freq  0.6572
41 29 31 18 12 17  freq  0.6673
41 29 31 18 12  freq  0.6674
41 29 31 18 17  freq  0.6675
41 29 31 18  freq  0.6676
41 29 31 12 17  freq  0.6687
41 29 31 12  freq  0.6687
41 29 31 17  freq  0.6696
41 29 31  freq  0.6696
41 29 16 18 12 17  freq  0.6771
41 29 16 18 12  freq  0.6772
41 29 16 18 17  freq  0.6773
41 29 16 18  freq  0.6774
41 29 16 12 17  freq  0.6785
41 29 16 12  freq  0.6786
41 29 16 17  freq  0.6789
41 29 16  freq  0.679
41 29 18 12 17  freq  0.6907
41 29 18 12  freq  0.6908
41 29 18 17  freq  0.6909
41 29 18  freq  0.691
41 29 12 17  freq  0.6922
41 29 12  freq  0.6922
41 29 17  freq  0.6931
41 29  freq  0.6932
41 21 31 16 18 12 17  freq  0.6596
41 21 31 16 18 12  freq  0.6596
41 21 31 16 18 17  freq  0.6598
41 21 31 16 18  freq  0.6598
41 21 31 16 12 17  freq  0.6609
41 21 31 16 12  freq  0.6609
41 21 31 16 17  freq  0.6612
41 21 31 16  freq  0.6612
41 21 31 18 12 17  freq  0.6711
41 21 31 18 12  freq  0.6712
41 21 31 18 17  freq  0.6713
41 21 31 18  freq  0.6714
41 21 31 12 17  freq  0.6724
41 21 31 12  freq  0.6725
41 21 31 17  freq  0.6733
41 21 31  freq  0.6734
41 21 16 18 12 17  freq  0.6783
41 21 16 18 12  freq  0.6784
41 21 16 18 17  freq  0.6785
41 21 16 18  freq  0.6786
41 21 16 12 17  freq  0.6797
41 21 16 12  freq  0.6798
41 21 16 17  freq  0.6801
41 21 16  freq  0.6801
41 21 18 12 17  freq  0.6915
41 21 18 12  freq  0.6916
41 21 18 17  freq  0.6918
41 21 18  freq  0.6918
41 21 12 17  freq  0.693
41 21 12  freq  0.693
41 21 17  freq  0.6939
41 21  freq  0.694
41 31 16 18 12 17  freq  0.736
41 31 16 18 12  freq  0.7361
41 31 16 18 17  freq  0.7362
41 31 16 18  freq  0.7363
41 31 16 12 17  freq  0.7374
41 31 16 12  freq  0.7375
41 31 16 17  freq  0.7377
41 31 16  freq  0.7378
41 31 18 12 17  freq  0.7483
41 31 18 12  freq  0.7484
41 31 18 17  freq  0.7485
41 31 18  freq  0.7486
41 31 12 17  freq  0.7497
41 31 12  freq  0.7498
41 31 17  freq  0.7507
41 31  freq  0.7508
41 16 18 12 17  freq  0.7609
41 16 18 12  freq  0.7609
41 16 18 17  freq  0.7611
41 16 18  freq  0.7612
41 16 12 17  freq  0.7624
41 16 12  freq  0.7625
41 16 17  freq  0.7628
41 16  freq  0.7628
41 18 12 17  freq  0.7751
41 18 12  freq  0.7752
41 18 17  freq  0.7754
41 18  freq  0.7755
41 12 17  freq  0.7767
41 12  freq  0.7768
41 17  freq  0.7777
41  freq  0.7778
28 15 31 18 12 17  freq  0.6095
28 15 31 18 12  freq  0.6095
28 15 31 18 17  freq  0.6096
28 15 31 18  freq  0.6097
28 15 31 12 17  freq  0.6108
28 15 31 12  freq  0.6109
28 15 31 17  freq  0.6117
28 15 31  freq  0.6118
28 15 16 18 12 17  freq  0.6213
28 15 16 18 12  freq  0.6214
28 15 16 18 17  freq  0.6215
28 15 16 18  freq  0.6216
28 15 16 12 17  freq  0.6229
28 15 16 12  freq  0.623
28 15 16 17  freq  0.6233
28 15 16  freq  0.6233
28 15 18 12 17  freq  0.6371
28 15 18 12  freq  0.6372
28 15 18 17  freq  0.6373
28 15 18  freq  0.6374
28 15 12 17  freq  0.6387
28 15 12  freq  0.6388
28 15 17  freq  0.6398
28 15  freq  0.6399
28 24 31 16 12 17  freq  0.6006
28 24 31 16 12  freq  0.6007
28 24 31 16 17  freq  0.6009
28 24 31 16  freq  0.601
28 24 31 18 12 17  freq  0.6119
28 24 31 18 12  freq  0.612
28 24 31 18 17  freq  0.6122
28 24 31 18  freq  0.6122
28 24 31 12 17  freq  0.6133
28 24 31 12  freq  0.6133
28 24 31 17  freq  0.6141
28 24 31  freq  0.6141
28 24 16 18 12 17  freq  0.6248
28 24 16 18 12  freq  0.6249
28 24 16 18 17  freq  0.6251
28 24 16 18  freq  0.6251
28 24 16 12 17  freq  0.6264
28 24 16 12  freq  0.6265
28 24 16 17  freq  0.6268
28 24 16  freq  0.6269
28 24 18 12 17  freq  0.6418
28 24 18 12  freq  0.6418
28 24 18 17  freq  0.642
28 24 18  freq  0.6421
28 24 12 17  freq  0.6433
28 24 12  freq  0.6434
28 24 17  freq  0.6443
28 24  freq  0.6443
28 27 21 16 18 12 17  freq  0.6058
28 27 21 16 18 12  freq  0.6058
28 27 21 16 18 17  freq  0.6059
28 27 21 16 18  freq  0.606
28 27 21 16 12 17  freq  0.6071
28 27 21 16 12  freq  0.6072
28 27 21 16 17  freq  0.6075
28 27 21 16  freq  0.6075
28 27 21 18 12 17  freq  0.6211
28 27 21 18 12  freq  0.6212
28 27 21 18 17  freq  0.6213
28 27 21 18  freq  0.6214
28 27 21 12 17  freq  0.6225
28 27 21 12  freq  0.6226
28 27 21 17  freq  0.6234
28 27 21  freq  0.6234
28 27 31 16 18 12 17  freq  0.609
28 27 31 16 18 12  freq  0.6091
28 27 31 16 18 17  freq  0.6092
28 27 31 16 18  freq  0.6093
28 27 31 16 12 17  freq  0.6102
28 27 31 16 12  freq  0.6103
28 27 31 16 17  freq  0.6105
28 27 31 16  freq  0.6106
28 27 31 18 12 17  freq  0.6208
28 27 31 18 12  freq  0.6209
28 27 31 18 17  freq  0.621
28 27 31 18  freq  0.6211
28 27 31 12 17  freq  0.6221
28 27 31 12  freq  0.6221
28 27 31 17  freq  0.6228
28 27 31  freq  0.6229
28 27 16 18 12 17  freq  0.6355
28 27 16 18 12  freq  0.6355
28 27 16 18 17  freq  0.6357
28 27 16 18  freq  0.6357
28 27 16 12 17  freq  0.6369
28 27 16 12  freq  0.637
28 27 16 17  freq  0.6372
28 27 16  freq  0.6373
28 27 18 12 17  freq  0.6515
28 27 18 12  freq  0.6516
28 27 18 17  freq  0.6517
28 27 18  freq  0.6518
28 27 12 17  freq  0.6529
28 27 12  freq  0.653
28 27 17  freq  0.6538
28 27  freq  0.6539
28 43 31 16 18 12 17  freq  0.6354
28 43 31 16 18 12  freq  0.6355
28 43 31 16 18 17  freq  0.6356
28 43 31 16 18  freq  0.6357
28 43 31 16 12 17  freq  0.6367
28 43 31 16 12  freq  0.6368
28 43 31 16 17  freq  0.637
28 43 31 16  freq  0.6371
28 43 31 18 12 17  freq  0.6478
28 43 31 18 12  freq  0.6478
28 43 31 18 17  freq  0.648
28 43 31 18  freq  0.6481
28 43 31 12 17  freq  0.6491
28 43 31 12  freq  0.6492
28 43 31 17  freq  0.6499
28 43 31  freq  0.65
28 43 16 18 12 17  freq  0.6647
28 43 16 18 12  freq  0.6648
28 43 16 18 17  freq  0.6649
28 43 16 18  freq  0.665
28 43 16 12 17  freq  0.6662
28 43 16 12  freq  0.6663
28 43 16 17  freq  0.6666
28 43 16  freq  0.6667
28 43 18 12 17  freq  0.6812
28 43 18 12  freq  0.6813
28 43 18 17  freq  0.6815
28 43 18  freq  0.6815
28 43 12 17  freq  0.6827
28 43 12  freq  0.6828
28 43 17  freq  0.6837
28 43  freq  0.6838
28 29 21 18 12 17  freq  0.6093
28 29 21 18 12  freq  0.6094
28 29 21 18 17  freq  0.6096
28 29 21 18  freq  0.6097
28 29 21 12 17  freq  0.611
28 29 21 12  freq  0.611
28 29 21 17  freq  0.6118
28 29 21  freq  0.6119
28 29 31 16 18 12 17  freq  0.6405
28 29 31 16 18 12  freq  0.6405
28 29 31 16 18 17  freq  0.6407
28 29 31 16 18  freq  0.6408
28 29 31 16 12 17  freq  0.642
28 29 31 16 12  freq  0.642
28 29 31 16 17  freq  0.6423
28 29 31 16  freq  0.6424
28 29 31 18 12 17  freq  0.655
28 29 31 18 12  freq  0.6551
28 29 31 18 17  freq  0.6552
28 29 31 18  freq  0.6553
28 29 31 12 17  freq  0.6565
28 29 31 12  freq  0.6566
28 29 31 17  freq  0.6573
28 29 31  freq  0.6574
28 29 16 18 12 17  freq  0.67
28 29 16 18 12  freq  0.6701
28 29 16 18 17  freq  0.6703
28 29 16 18  freq  0.6703
28 29 16 12 17  freq  0.6718
28 29 16 12  freq  0.6718
28 29 16 17  freq  0.6722
28 29 16  freq  0.6723
28 29 18 12 17  freq  0.6893
28 29 18 12  freq  0.6894
28 29 18 17  freq  0.6896
28 29 18  freq  0.6897
28 29 12 17  freq  0.6911
28 29 12  freq  0.6912
28 29 17  freq  0.6921
28 29  freq  0.6922
28 21 31 16 18 12 17  freq  0.6462
28 21 31 16 18 12  freq  0.6463
28 21 31 16 18 17  freq  0.6464
28 21 31 16 18  freq  0.6465
28 21 31 16 12 17  freq  0.6477
28 21 31 16 12  freq  0.6477
28 21 31 16 17  freq  0.648
28 21 31 16  freq  0.6481
28 21 31 18 12 17  freq  0.6604
28 21 31 18 12  freq  0.6605
28 21 31 18 17  freq  0.6607
28 21 31 18  freq  0.6608
28 21 31 12 17  freq  0.6619
28 21 31 12  freq  0.662
28 21 31 17  freq  0.6628
28 21 31  freq  0.6628
28 21 16 18 12 17  freq  0.6732
28 21 16 18 12  freq  0.6733
28 21 16 18 17  freq  0.6735
28 21 16 18  freq  0.6735
28 21 16 12 17  freq  0.6749
28 21 16 12  freq  0.675
28 21 16 17  freq  0.6753
28 21 16  freq  0.6754
28 21 18 12 17  freq  0.6921
28 21 18 12  freq  0.6922
28 21 18 17  freq  0.6924
28 21 18  freq  0.6925
28 21 12 17  freq  0.6939
28 21 12  freq  0.6939
28 21 17  freq  0.6948
28 21  freq  0.6949
28 31 16 18 12 17  freq  0.7364
28 31 16 18 12  freq  0.7365
28 31 16 18 17  freq  0.7367
28 31 16 18  freq  0.7368
28 31 16 12 17  freq  0.738
28 31 16 12  freq  0.7381
28 31 16 17  freq  0.7384
28 31 16  freq  0.7385
28 31 18 12 17  freq  0.7518
28 31 18 12  freq  0.7519
28 31 18 17  freq  0.7521
28 31 18  freq  0.7521
28 31 12 17  freq  0.7534
28 31 12  freq  0.7535
28 31 17  freq  0.7544
28 31  freq  0.7545
28 16 18 12 17  freq  0.7715
28 16 18 12  freq  0.7716
28 16 18 17  freq  0.7718
28 16 18  freq  0.7719
28 16 12 17  freq  0.7734
28 16 12  freq  0.7735
28 16 17  freq  0.7739
28 16  freq  0.7739
28 18 12 17  freq  0.7922
28 18 12  freq  0.7923
28 18 17  freq  0.7925
28 18  freq  0.7926
28 12 17  freq  0.7941
28 12  freq  0.7942
28 17  freq  0.7953
28  freq  0.7954
15 24 31 18 12 17  freq  0.6072
15 24 31 18 12  freq  0.6073
15 24 31 18 17  freq  0.6074
15 24 31 18  freq  0.6075
15 24 31 12 17  freq  0.6084
15 24 31 12  freq  0.6085
15 24 31 17  freq  0.6094
15 24 31  freq  0.6094
15 24 16 18 12 17  freq  0.6278
15 24 16 18 12  freq  0.6278
15 24 16 18 17  freq  0.628
15 24 16 18  freq  0.6281
15 24 16 12 17  freq  0.6291
15 24 16 12  freq  0.6292
15 24 16 17  freq  0.6296
15 24 16  freq  0.6296
15 24 18 12 17  freq  0.6412
15 24 18 12  freq  0.6413
15 24 18 17  freq  0.6415
15 24 18  freq  0.6416
15 24 12 17  freq  0.6426
15 24 12  freq  0.6427
15 24 17  freq  0.6438
15 24  freq  0.6439
15 27 21 31 16 18 12 17  freq  0.6056
15 27 21 31 16 18 12  freq  0.6057
15 27 21 31 16 18 17  freq  0.6058
15 27 21 31 16 18  freq  0.6058
15 27 21 31 16 12 17  freq  0.6066
15 27 21 31 16 12  freq  0.6067
15 27 21 31 16 17  freq  0.6069
15 27 21 31 16  freq  0.607
15 27 21 31 18 12 17  freq  0.6141
15 27 21 31 18 12  freq  0.6142
15 27 21 31 18 17  freq  0.6143
15 27 21 31 18  freq  0.6143
15 27 21 31 12 17  freq  0.6151
15 27 21 31 12  freq  0.6152
15 27 21 31 17  freq  0.6161
15 27 21 31  freq  0.6162
15 27 21 16 18 12 17  freq  0.6354
15 27 21 16 18 12  freq  0.6354
15 27 21 16 18 17  freq  0.6356
15 27 21 16 18  freq  0.6357
15 27 21 16 12 17  freq  0.6366
15 27 21 16 12  freq  0.6366
15 27 21 16 17  freq  0.6369
15 27 21 16  freq  0.637
15 27 21 18 12 17  freq  0.647
15 27 21 18 12  freq  0.647
15 27 21 18 17  freq  0.6472
15 27 21 18  freq  0.6473
15 27 21 12 17  freq  0.6481
15 27 21 12  freq  0.6482
15 27 21 17  freq  0.6493
15 27 21  freq  0.6494
15 27 31 16 18 12 17  freq  0.6307
15 27 31 16 18 12  freq  0.6308
15 27 31 16 18 17  freq  0.6309
15 27 31 16 18  freq  0.631
15 27 31 16 12 17  freq  0.6318
15 27 31 16 12  freq  0.6319
15 27 31 16 17  freq  0.6321
15 27 31 16  freq  0.6322
15 27 31 18 12 17  freq  0.6395
15 27 31 18 12  freq  0.6396
15 27 31 18 17  freq  0.6397
15 27 31 18  freq  0.6398
15 27 31 12 17  freq  0.6406
15 27 31 12  freq  0.6407
15 27 31 17  freq  0.6416
15 27 31  freq  0.6417
15 27 16 18 12 17  freq  0.6631
15 27 16 18 12  freq  0.6632
15 27 16 18 17  freq  0.6634
15 27 16 18  freq  0.6634
15 27 16 12 17  freq  0.6644
15 27 16 12  freq  0.6645
15 27 16 17  freq  0.6648
15 27 16  freq  0.6649
15 27 18 12 17  freq  0.6752
15 27 18 12  freq  0.6753
15 27 18 17  freq  0.6755
15 27 18  freq  0.6756
15 27 12 17  freq  0.6765
15 27 12  freq  0.6766
15 27 17  freq  0.6777
15 27  freq  0.6778
15 43 29 12 17  freq  0.6002
15 43 29 12  freq  0.6003
15 43 29 17  freq  0.6013
15 43 29  freq  0.6014
15 43 21 18 12 17  freq  0.6076
15 43 21 18 12  freq  0.6077
15 43 21 18 17  freq  0.6079
15 43 21 18  freq  0.608
15 43 21 12 17  freq  0.6089
15 43 21 12  freq  0.6089
15 43 21 17  freq  0.61
15 43 21  freq  0.6101
15 43 31 16 18 12 17  freq  0.6371
15 43 31 16 18 12  freq  0.6372
15 43 31 16 18 17  freq  0.6373
15 43 31 16 18  freq  0.6374
15 43 31 16 12 17  freq  0.6383
15 43 31 16 12  freq  0.6384
15 43 31 16 17  freq  0.6387
15 43 31 16  freq  0.6387
15 43 31 18 12 17  freq  0.6469
15 43 31 18 12  freq  0.647
15 43 31 18 17  freq  0.6472
15 43 31 18  freq  0.6472
15 43 31 12 17  freq  0.6481
15 43 31 12  freq  0.6482
15 43 31 17  freq  0.6492
15 43 31  freq  0.6493
15 43 16 18 12 17  freq  0.6711
15 43 16 18 12  freq  0.6712
15 43 16 18 17  freq  0.6714
15 43 16 18  freq  0.6714
15 43 16 12 17  freq  0.6724
15 43 16 12  freq  0.6725
15 43 16 17  freq  0.6729
15 43 16  freq  0.673
15 43 18 12 17  freq  0.6842
15 43 18 12  freq  0.6843
15 43 18 17  freq  0.6845
15 43 18  freq  0.6846
15 43 12 17  freq  0.6856
15 43 12  freq  0.6857
15 43 17  freq  0.6869
15 43  freq  0.687
15 29 21 16 18 12 17  freq  0.6163
15 29 21 16 18 12  freq  0.6164
15 29 21 16 18 17  freq  0.6166
15 29 21 16 18  freq  0.6166
15 29 21 16 12 17  freq  0.6177
15 29 21 16 12  freq  0.6178
15 29 21 16 17  freq  0.6181
15 29 21 16  freq  0.6182
15 29 21 18 12 17  freq  0.6301
15 29 21 18 12  freq  0.6302
15 29 21 18 17  freq  0.6304
15 29 21 18  freq  0.6304
15 29 21 12 17  freq  0.6315
15 29 21 12  freq  0.6316
15 29 21 17  freq  0.6327
15 29 21  freq  0.6327
15 29 31 16 18 12 17  freq  0.6492
15 29 31 16 18 12  freq  0.6493
15 29 31 16 18 17  freq  0.6494
15 29 31 16 18  freq  0.6495
15 29 31 16 12 17  freq  0.6505
15 29 31 16 12  freq  0.6506
15 29 31 16 17  freq  0.6509
15 29 31 16  freq  0.651
15 29 31 18 12 17  freq  0.6605
15 29 31 18 12  freq  0.6606
15 29 31 18 17  freq  0.6608
15 29 31 18  freq  0.6608
15 29 31 12 17  freq  0.6619
15 29 31 12  freq  0.6619
15 29 31 17  freq  0.663
15 29 31  freq  0.663
15 29 16 18 12 17  freq  0.6846
15 29 16 18 12  freq  0.6847
15 29 16 18 17  freq  0.6849
15 29 16 18  freq  0.685
15 29 16 12 17  freq  0.6861
15 29 16 12  freq  0.6862
15 29 16 17  freq  0.6867
15 29 16  freq  0.6867
15 29 18 12 17  freq  0.6998
15 29 18 12  freq  0.6999
15 29 18 17  freq  0.7001
15 29 18  freq  0.7002
15 29 12 17  freq  0.7013
15 29 12  freq  0.7014
15 29 17  freq  0.7027
15 29  freq  0.7028
15 21 31 16 18 12 17  freq  0.6635
15 21 31 16 18 12  freq  0.6636
15 21 31 16 18 17  freq  0.6637
15 21 31 16 18  freq  0.6638
15 21 31 16 12 17  freq  0.6648
15 21 31 16 12  freq  0.6649
15 21 31 16 17  freq  0.6652
15 21 31 16  freq  0.6653
15 21 31 18 12 17  freq  0.6746
15 21 31 18 12  freq  0.6746
15 21 31 18 17  freq  0.6748
15 21 31 18  freq  0.6749
15 21 31 12 17  freq  0.6759
15 21 31 12  freq  0.6759
15 21 31 17  freq  0.677
15 21 31  freq  0.677
15 21 16 18 12 17  freq  0.697
15 21 16 18 12  freq  0.6971
15 21 16 18 17  freq  0.6973
15 21 16 18  freq  0.6974
15 21 16 12 17  freq  0.6985
15 21 16 12  freq  0.6986
15 21 16 17  freq  0.699
15 21 16  freq  0.6991
15 21 18 12 17  freq  0.7118
15 21 18 12  freq  0.7119
15 21 18 17  freq  0.7121
15 21 18  freq  0.7122
15 21 12 17  freq  0.7133
15 21 12  freq  0.7134
15 21 17  freq  0.7146
15 21  freq  0.7147
15 31 16 18 12 17  freq  0.7419
15 31 16 18 12  freq  0.742
15 31 16 18 17  freq  0.7422
15 31 16 18  freq  0.7422
15 31 16 12 17  freq  0.7434
15 31 16 12  freq  0.7434
15 31 16 17  freq  0.7438
15 31 16  freq  0.7439
15 31 18 12 17  freq  0.754
15 31 18 12  freq  0.754
15 31 18 17  freq  0.7542
15 31 18  freq  0.7543
15 31 12 17  freq  0.7554
15 31 12  freq  0.7555
15 31 17  freq  0.7566
15 31  freq  0.7567
15 16 18 12 17  freq  0.7827
15 16 18 12  freq  0.7828
15 16 18 17  freq  0.783
15 16 18  freq  0.7831
15 16 12 17  freq  0.7843
15 16 12  freq  0.7844
15 16 17  freq  0.7849
15 16  freq  0.785
15 18 12 17  freq  0.799
15 18 12  freq  0.7991
15 18 17  freq  0.7993
15 18  freq  0.7994
15 12 17  freq  0.8007
15 12  freq  0.8007
15 17  freq  0.8022
15  freq  0.8023
24 27 21 31 12 17  freq  0.6003
24 27 21 31 12  freq  0.6003
24 27 21 31 17  freq  0.6011
24 27 21 31  freq  0.6012
24 27 21 16 18 12 17  freq  0.6222
24 27 21 16 18 12  freq  0.6223
24 27 21 16 18 17  freq  0.6225
24 27 21 16 18  freq  0.6226
24 27 21 16 12 17  freq  0.6234
24 27 21 16 12  freq  0.6235
24 27 21 16 17  freq  0.6238
24 27 21 16  freq  0.6239
24 27 21 18 12 17  freq  0.6354
24 27 21 18 12  freq  0.6354
24 27 21 18 17  freq  0.6357
24 27 21 18  freq  0.6357
24 27 21 12 17  freq  0.6366
24 27 21 12  freq  0.6366
24 27 21 17  freq  0.6376
24 27 21  freq  0.6376
24 27 31 16 18 12 17  freq  0.6139
24 27 31 16 18 12  freq  0.6139
24 27 31 16 18 17  freq  0.6141
24 27 31 16 18  freq  0.6141
24 27 31 16 12 17  freq  0.6149
24 27 31 16 12  freq  0.6149
24 27 31 16 17  freq  0.6152
24 27 31 16  freq  0.6153
24 27 31 18 12 17  freq  0.624
24 27 31 18 12  freq  0.6241
24 27 31 18 17  freq  0.6243
24 27 31 18  freq  0.6243
24 27 31 12 17  freq  0.6251
24 27 31 12  freq  0.6251
24 27 31 17  freq  0.626
24 27 31  freq  0.626
24 27 16 18 12 17  freq  0.6492
24 27 16 18 12  freq  0.6492
24 27 16 18 17  freq  0.6494
24 27 16 18  freq  0.6495
24 27 16 12 17  freq  0.6504
24 27 16 12  freq  0.6504
24 27 16 17  freq  0.6508
24 27 16  freq  0.6509
24 27 18 12 17  freq  0.6629
24 27 18 12  freq  0.6629
24 27 18 17  freq  0.6632
24 27 18  freq  0.6632
24 27 12 17  freq  0.6641
24 27 12  freq  0.6642
24 27 17  freq  0.6651
24 27  freq  0.6652
24 43 29 16 17  freq  0.6002
24 43 29 16  freq  0.6003
24 43 29 18 12 17  freq  0.6118
24 43 29 18 12  freq  0.6118
24 43 29 18 17  freq  0.6121
24 43 29 18  freq  0.6121
24 43 29 12 17  freq  0.6131
24 43 29 12  freq  0.6131
24 43 29 17  freq  0.614
24 43 29  freq  0.6141
24 43 21 18 12 17  freq  0.6105
24 43 21 18 12  freq  0.6106
24 43 21 18 17  freq  0.6108
24 43 21 18  freq  0.6109
24 43 21 12 17  freq  0.6118
24 43 21 12  freq  0.6118
24 43 21 17  freq  0.6127
24 43 21  freq  0.6128
24 43 31 16 18 12 17  freq  0.6414
24 43 31 16 18 12  freq  0.6415
24 43 31 16 18 17  freq  0.6417
24 43 31 16 18  freq  0.6417
24 43 31 16 12 17  freq  0.6426
24 43 31 16 12  freq  0.6426
24 43 31 16 17  freq  0.643
24 43 31 16  freq  0.643
24 43 31 18 12 17  freq  0.6522
24 43 31 18 12  freq  0.6522
24 43 31 18 17  freq  0.6525
24 43 31 18  freq  0.6525
24 43 31 12 17  freq  0.6534
24 43 31 12  freq  0.6534
24 43 31 17  freq  0.6543
24 43 31  freq  0.6544
24 43 16 18 12 17  freq  0.6789
24 43 16 18 12  freq  0.679
24 43 16 18 17  freq  0.6792
24 43 16 18  freq  0.6793
24 43 16 12 17  freq  0.6803
24 43 16 12  freq  0.6803
24 43 16 17  freq  0.6808
24 43 16  freq  0.6808
24 43 18 12 17  freq  0.6931
24 43 18 12  freq  0.6932
24 43 18 17  freq  0.6935
24 43 18  freq  0.6935
24 43 12 17  freq  0.6945
24 43 12  freq  0.6945
24 43 17  freq  0.6956
24 43  freq  0.6957
24 29 21 16 18 12 17  freq  0.6175
24 29 21 16 18 12  freq  0.6176
24 29 21 16 18 17  freq  0.6178
24 29 21 16 18  freq  0.6179
24 29 21 16 12 17  freq  0.6189
24 29 21 16 12  freq  0.619
24 29 21 16 17  freq  0.6194
24 29 21 16  freq  0.6195
24 29 21 18 12 17  freq  0.6328
24 29 21 18 12  freq  0.6329
24 29 21 18 17  freq  0.6332
24 29 21 18  freq  0.6332
24 29 21 12 17  freq  0.6342
24 29 21 12  freq  0.6343
24 29 21 17  freq  0.6353
24 29 21  freq  0.6353
24 29 31 16 18 12 17  freq  0.6525
24 29 31 16 18 12  freq  0.6525
24 29 31 16 18 17  freq  0.6527
24 29 31 16 18  freq  0.6528
24 29 31 16 12 17  freq  0.6538
24 29 31 16 12  freq  0.6538
24 29 31 16 17  freq  0.6542
24 29 31 16  freq  0.6542
24 29 31 18 12 17  freq  0.6651
24 29 31 18 12  freq  0.6652
24 29 31 18 17  freq  0.6654
24 29 31 18  freq  0.6655
24 29 31 12 17  freq  0.6665
24 29 31 12  freq  0.6665
24 29 31 17  freq  0.6674
24 29 31  freq  0.6675
24 29 16 18 12 17  freq  0.6926
24 29 16 18 12  freq  0.6926
24 29 16 18 17  freq  0.6929
24 29 16 18  freq  0.693
24 29 16 12 17  freq  0.6941
24 29 16 12  freq  0.6942
24 29 16 17  freq  0.6946
24 29 16  freq  0.6947
24 29 18 12 17  freq  0.7093
24 29 18 12  freq  0.7093
24 29 18 17  freq  0.7096
24 29 18  freq  0.7097
24 29 12 17  freq  0.7108
24 29 12  freq  0.7109
24 29 17  freq  0.712
24 29  freq  0.7121
24 21 31 16 18 12 17  freq  0.6556
24 21 31 16 18 12  freq  0.6557
24 21 31 16 18 17  freq  0.6559
24 21 31 16 18  freq  0.6559
24 21 31 16 12 17  freq  0.6569
24 21 31 16 12  freq  0.6569
24 21 31 16 17  freq  0.6573
24 21 31 16  freq  0.6573
24 21 31 18 12 17  freq  0.6679
24 21 31 18 12  freq  0.668
24 21 31 18 17  freq  0.6683
24 21 31 18  freq  0.6683
24 21 31 12 17  freq  0.6692
24 21 31 12  freq  0.6693
24 21 31 17  freq  0.6702
24 21 31  freq  0.6703
24 21 16 18 12 17  freq  0.6928
24 21 16 18 12  freq  0.6929
24 21 16 18 17  freq  0.6931
24 21 16 18  freq  0.6932
24 21 16 12 17  freq  0.6943
24 21 16 12  freq  0.6944
24 21 16 17  freq  0.6948
24 21 16  freq  0.6949
24 21 18 12 17  freq  0.7091
24 21 18 12  freq  0.7091
24 21 18 17  freq  0.7094
24 21 18  freq  0.7095
24 21 12 17  freq  0.7106
24 21 12  freq  0.7106
24 21 17  freq  0.7117
24 21  freq  0.7118
24 31 16 18 12 17  freq  0.7399
24 31 16 18 12  freq  0.7399
24 31 16 18 17  freq  0.7402
24 31 16 18  freq  0.7403
24 31 16 12 17  freq  0.7413
24 31 16 12  freq  0.7414
24 31 16 17  freq  0.7418
24 31 16  freq  0.7418
24 31 18 12 17  freq  0.7532
24 31 18 12  freq  0.7533
24 31 18 17  freq  0.7536
24 31 18  freq  0.7536
24 31 12 17  freq  0.7547
24 31 12  freq  0.7547
24 31 17  freq  0.7558
24 31  freq  0.7558
24 16 18 12 17  freq  0.7852
24 16 18 12  freq  0.7852
24 16 18 17  freq  0.7856
24 16 18  freq  0.7856
24 16 12 17  freq  0.7868
24 16 12  freq  0.7869
24 16 17  freq  0.7874
24 16  freq  0.7875
24 18 12 17  freq  0.803
24 18 12  freq  0.8031
24 18 17  freq  0.8034
24 18  freq  0.8035
24 12 17  freq  0.8047
24 12  freq  0.8047
24 17  freq  0.806
24  freq  0.8061
27 43 29 21 18 12 17  freq  0.6038
27 43 29 21 18 12  freq  0.6039
27 43 29 21 18 17  freq  0.6041
27 43 29 21 18  freq  0.6042
27 43 29 21 12 17  freq  0.6049
27 43 29 21 12  freq  0.605
27 43 29 21 17  freq  0.6059
27 43 29 21  freq  0.606
27 43 29 16 18 12 17  freq  0.6139
27 43 29 16 18 12  freq  0.614
27 43 29 16 18 17  freq  0.6142
27 43 29 16 18  freq  0.6143
27 43 29 16 12 17  freq  0.6151
27 43 29 16 12  freq  0.6152
27 43 29 16 17  freq  0.6155
27 43 29 16  freq  0.6156
27 43 29 18 12 17  freq  0.6263
27 43 29 18 12  freq  0.6263
27 43 29 18 17  freq  0.6266
27 43 29 18  freq  0.6266
27 43 29 12 17  freq  0.6275
27 43 29 12  freq  0.6275
27 43 29 17  freq  0.6285
27 43 29  freq  0.6285
27 43 21 31 16 18 12 17  freq  0.6361
27 43 21 31 16 18 12  freq  0.6362
27 43 21 31 16 18 17  freq  0.6364
27 43 21 31 16 18  freq  0.6364
27 43 21 31 16 12 17  freq  0.6371
27 43 21 31 16 12  freq  0.6372
27 43 21 31 16 17  freq  0.6375
27 43 21 31 16  freq  0.6376
27 43 21 31 18 12 17  freq  0.6458
27 43 21 31 18 12  freq  0.6459
27 43 21 31 18 17  freq  0.6461
27 43 21 31 18  freq  0.6461
27 43 21 31 12 17  freq  0.6468
27 43 21 31 12  freq  0.6469
27 43 21 31 17  freq  0.6478
27 43 21 31  freq  0.6478
27 43 21 16 18 12 17  freq  0.6715
27 43 21 16 18 12  freq  0.6715
27 43 21 16 18 17  freq  0.6718
27 43 21 16 18  freq  0.6718
27 43 21 16 12 17  freq  0.6727
27 43 21 16 12  freq  0.6728
27 43 21 16 17  freq  0.6731
27 43 21 16  freq  0.6732
27 43 21 18 12 17  freq  0.6844
27 43 21 18 12  freq  0.6845
27 43 21 18 17  freq  0.6847
27 43 21 18  freq  0.6848
27 43 21 12 17  freq  0.6856
27 43 21 12  freq  0.6857
27 43 21 17  freq  0.6868
27 43 21  freq  0.6868
27 43 31 16 18 12 17  freq  0.6608
27 43 31 16 18 12  freq  0.6609
27 43 31 16 18 17  freq  0.6611
27 43 31 16 18  freq  0.6611
27 43 31 16 12 17  freq  0.6619
27 43 31 16 12  freq  0.662
27 43 31 16 17  freq  0.6623
27 43 31 16  freq  0.6623
27 43 31 18 12 17  freq  0.6708
27 43 31 18 12  freq  0.6708
27 43 31 18 17  freq  0.6711
27 43 31 18  freq  0.6711
27 43 31 12 17  freq  0.6719
27 43 31 12  freq  0.6719
27 43 31 17  freq  0.6728
27 43 31  freq  0.6729
27 43 16 18 12 17  freq  0.6989
27 43 16 18 12  freq  0.699
27 43 16 18 17  freq  0.6992
27 43 16 18  freq  0.6993
27 43 16 12 17  freq  0.7002
27 43 16 12  freq  0.7003
27 43 16 17  freq  0.7007
27 43 16  freq  0.7007
27 43 18 12 17  freq  0.7123
27 43 18 12  freq  0.7124
27 43 18 17  freq  0.7126
27 43 18  freq  0.7127
27 43 12 17  freq  0.7136
27 43 12  freq  0.7137
27 43 17  freq  0.7147
27 43  freq  0.7148
27 29 21 31 16 18 12 17  freq  0.651
27 29 21 31 16 18 12  freq  0.6511
27 29 21 31 16 18 17  freq  0.6513
27 29 21 31 16 18  freq  0.6513
27 29 21 31 16 12 17  freq  0.6522
27 29 21 31 16 12  freq  0.6522
27 29 21 31 16 17  freq  0.6525
27 29 21 31 16  freq  0.6526
27 29 21 31 18 12 17  freq  0.6624
27 29 21 31 18 12  freq  0.6625
27 29 21 31 18 17  freq  0.6627
27 29 21 31 18  freq  0.6627
27 29 21 31 12 17  freq  0.6636
27 29 21 31 12  freq  0.6636
27 29 21 31 17  freq  0.6645
27 29 21 31  freq  0.6646
27 29 21 16 18 12 17  freq  0.6886
27 29 21 16 18 12  freq  0.6887
27 29 21 16 18 17  freq  0.6889
27 29 21 16 18  freq  0.689
27 29 21 16 12 17  freq  0.69
27 29 21 16 12  freq  0.6901
27 29 21 16 17  freq  0.6904
27 29 21 16  freq  0.6905
27 29 21 18 12 17  freq  0.7037
27 29 21 18 12  freq  0.7038
27 29 21 18 17  freq  0.704
27 29 21 18  freq  0.7041
27 29 21 12 17  freq  0.7051
27 29 21 12  freq  0.7052
27 29 21 17  freq  0.7062
27 29 21  freq  0.7063
27 29 31 16 18 12 17  freq  0.6751
27 29 31 16 18 12  freq  0.6752
27 29 31 16 18 17  freq  0.6754
27 29 31 16 18  freq  0.6754
27 29 31 16 12 17  freq  0.6763
27 29 31 16 12  freq  0.6764
27 29 31 16 17  freq  0.6767
27 29 31 16  freq  0.6768
27 29 31 18 12 17  freq  0.6869
27 29 31 18 12  freq  0.687
27 29 31 18 17  freq  0.6872
27 29 31 18  freq  0.6873
27 29 31 12 17  freq  0.6881
27 29 31 12  freq  0.6882
27 29 31 17  freq  0.6891
27 29 31  freq  0.6892
27 29 16 18 12 17  freq  0.7155
27 29 16 18 12  freq  0.7156
27 29 16 18 17  freq  0.7158
27 29 16 18  freq  0.7159
27 29 16 12 17  freq  0.717
27 29 16 12  freq  0.717
27 29 16 17  freq  0.7174
27 29 16  freq  0.7175
27 29 18 12 17  freq  0.7313
27 29 18 12  freq  0.7314
27 29 18 17  freq  0.7316
27 29 18  freq  0.7317
27 29 12 17  freq  0.7327
27 29 12  freq  0.7328
27 29 17  freq  0.7339
27 29  freq  0.734
27 21 31 16 18 12 17  freq  0.739
27 21 31 16 18 12  freq  0.7391
27 21 31 16 18 17  freq  0.7393
27 21 31 16 18  freq  0.7394
27 21 31 16 12 17  freq  0.7402
27 21 31 16 12  freq  0.7403
27 21 31 16 17  freq  0.7407
27 21 31 16  freq  0.7407
27 21 31 18 12 17  freq  0.7511
27 21 31 18 12  freq  0.7512
27 21 31 18 17  freq  0.7514
27 21 31 18  freq  0.7515
27 21 31 12 17  freq  0.7524
27 21 31 12  freq  0.7524
27 21 31 17  freq  0.7535
27 21 31  freq  0.7535
27 21 16 18 12 17  freq  0.7817
27 21 16 18 12  freq  0.7818
27 21 16 18 17  freq  0.782
27 21 16 18  freq  0.7821
27 21 16 12 17  freq  0.7832
27 21 16 12  freq  0.7833
27 21 16 17  freq  0.7837
27 21 16  freq  0.7838
27 21 18 12 17  freq  0.798
27 21 18 12  freq  0.7981
27 21 18 17  freq  0.7984
27 21 18  freq  0.7984
27 21 12 17  freq  0.7995
27 21 12  freq  0.7996
27 21 17  freq  0.8008
27 21  freq  0.8009
27 31 16 18 12 17  freq  0.7688
27 31 16 18 12  freq  0.7688
27 31 16 18 17  freq  0.7691
27 31 16 18  freq  0.7691
27 31 16 12 17  freq  0.77
27 31 16 12  freq  0.7701
27 31 16 17  freq  0.7705
27 31 16  freq  0.7705
27 31 18 12 17  freq  0.7813
27 31 18 12  freq  0.7814
27 31 18 17  freq  0.7816
27 31 18  freq  0.7817
27 31 12 17  freq  0.7826
27 31 12  freq  0.7827
27 31 17  freq  0.7837
27 31  freq  0.7838
27 16 18 12 17  freq  0.815
27 16 18 12  freq  0.815
27 16 18 17  freq  0.8153
27 16 18  freq  0.8154
27 16 12 17  freq  0.8165
27 16 12  freq  0.8166
27 16 17  freq  0.817
27 16  freq  0.8171
27 18 12 17  freq  0.832
27 18 12  freq  0.8321
27 18 17  freq  0.8324
27 18  freq  0.8325
27 12 17  freq  0.8335
27 12  freq  0.8336
27 17  freq  0.8349
27  freq  0.835
43 29 21 31 16 18 12 17  freq  0.6222
43 29 21 31 16 18 12  freq  0.6222
43 29 21 31 16 18 17  freq  0.6224
43 29 21 31 16 18  freq  0.6225
43 29 21 31 16 12 17  freq  0.6233
43 29 21 31 16 12  freq  0.6234
43 29 21 31 16 17  freq  0.6237
43 29 21 31 16  freq  0.6238
43 29 21 31 18 12 17  freq  0.6336
43 29 21 31 18 12  freq  0.6336
43 29 21 31 18 17  freq  0.6339
43 29 21 31 18  freq  0.6339
43 29 21 31 12 17  freq  0.6348
43 29 21 31 12  freq  0.6348
43 29 21 31 17  freq  0.6357
43 29 21 31  freq  0.6358
43 29 21 16 18 12 17  freq  0.6575
43 29 21 16 18 12  freq  0.6576
43 29 21 16 18 17  freq  0.6579
43 29 21 16 18  freq  0.658
43 29 21 16 12 17  freq  0.6589
43 29 21 16 12  freq  0.659
43 29 21 16 17  freq  0.6594
43 29 21 16  freq  0.6595
43 29 21 18 12 17  freq  0.6724
43 29 21 18 12  freq  0.6725
43 29 21 18 17  freq  0.6728
43 29 21 18  freq  0.6728
43 29 21 12 17  freq  0.6738
43 29 21 12  freq  0.6739
43 29 21 17  freq  0.6749
43 29 21  freq  0.675
43 29 31 16 18 12 17  freq  0.6911
43 29 31 16 18 12  freq  0.6912
43 29 31 16 18 17  freq  0.6914
43 29 31 16 18  freq  0.6915
43 29 31 16 12 17  freq  0.6924
43 29 31 16 12  freq  0.6925
43 29 31 16 17  freq  0.6929
43 29 31 16  freq  0.6929
43 29 31 18 12 17  freq  0.7034
43 29 31 18 12  freq  0.7034
43 29 31 18 17  freq  0.7037
43 29 31 18  freq  0.7038
43 29 31 12 17  freq  0.7047
43 29 31 12  freq  0.7048
43 29 31 17  freq  0.7057
43 29 31  freq  0.7058
43 29 16 18 12 17  freq  0.7341
43 29 16 18 12  freq  0.7341
43 29 16 18 17  freq  0.7344
43 29 16 18  freq  0.7345
43 29 16 12 17  freq  0.7356
43 29 16 12  freq  0.7357
43 29 16 17  freq  0.7361
43 29 16  freq  0.7362
43 29 18 12 17  freq  0.7502
43 29 18 12  freq  0.7503
43 29 18 17  freq  0.7506
43 29 18  freq  0.7507
43 29 12 17  freq  0.7517
43 29 12  freq  0.7518
43 29 17  freq  0.753
43 29  freq  0.7531
43 21 31 16 18 12 17  freq  0.7011
43 21 31 16 18 12  freq  0.7011
43 21 31 16 18 17  freq  0.7014
43 21 31 16 18  freq  0.7015
43 21 31 16 12 17  freq  0.7023
43 21 31 16 12  freq  0.7024
43 21 31 16 17  freq  0.7028
43 21 31 16  freq  0.7029
43 21 31 18 12 17  freq  0.7132
43 21 31 18 12  freq  0.7132
43 21 31 18 17  freq  0.7135
43 21 31 18  freq  0.7136
43 21 31 12 17  freq  0.7144
43 21 31 12  freq  0.7145
43 21 31 17  freq  0.7155
43 21 31  freq  0.7156
43 21 16 18 12 17  freq  0.7409
43 21 16 18 12  freq  0.7409
43 21 16 18 17  freq  0.7412
43 21 16 18  freq  0.7413
43 21 16 12 17  freq  0.7423
43 21 16 12  freq  0.7424
43 21 16 17  freq  0.7429
43 21 16  freq  0.743
43 21 18 12 17  freq  0.7567
43 21 18 12  freq  0.7568
43 21 18 17  freq  0.7572
43 21 18  freq  0.7572
43 21 12 17  freq  0.7582
43 21 12  freq  0.7583
43 21 17  freq  0.7595
43 21  freq  0.7596
43 31 16 18 12 17  freq  0.7872
43 31 16 18 12  freq  0.7873
43 31 16 18 17  freq  0.7875
43 31 16 18  freq  0.7876
43 31 16 12 17  freq  0.7886
43 31 16 12  freq  0.7887
43 31 16 17  freq  0.7891
43 31 16  freq  0.7892
43 31 18 12 17  freq  0.8002
43 31 18 12  freq  0.8003
43 31 18 17  freq  0.8006
43 31 18  freq  0.8006
43 31 12 17  freq  0.8016
43 31 12  freq  0.8017
43 31 17  freq  0.8028
43 31  freq  0.8029
43 16 18 12 17  freq  0.8361
43 16 18 12  freq  0.8362
43 16 18 17  freq  0.8365
43 16 18  freq  0.8366
43 16 12 17  freq  0.8377
43 16 12  freq  0.8378
43 16 17  freq  0.8383
43 16  freq  0.8384
43 18 12 17  freq  0.8534
43 18 12  freq  0.8535
43 18 17  freq  0.8538
43 18  freq  0.8539
43 12 17  freq  0.855
43 12  freq  0.8551
43 17  freq  0.8565
43  freq  0.8566
29 21 31 16 18 12 17  freq  0.725
29 21 31 16 18 12  freq  0.7251
29 21 31 16 18 17  freq  0.7254
29 21 31 16 18  freq  0.7254
29 21 31 16 12 17  freq  0.7265
29 21 31 16 12  freq  0.7266
29 21 31 16 17  freq  0.727
29 21 31 16  freq  0.727
29 21 31 18 12 17  freq  0.7393
29 21 31 18 12  freq  0.7394
29 21 31 18 17  freq  0.7397
29 21 31 18  freq  0.7397
29 21 31 12 17  freq  0.7408
29 21 31 12  freq  0.7408
29 21 31 17  freq  0.7419
29 21 31  freq  0.742
29 21 16 18 12 17  freq  0.7679
29 21 16 18 12  freq  0.768
29 21 16 18 17  freq  0.7683
29 21 16 18  freq  0.7684
29 21 16 12 17  freq  0.7696
29 21 16 12  freq  0.7697
29 21 16 17  freq  0.7702
29 21 16  freq  0.7703
29 21 18 12 17  freq  0.7866
29 21 18 12  freq  0.7867
29 21 18 17  freq  0.787
29 21 18  freq  0.7871
29 21 12 17  freq  0.7883
29 21 12  freq  0.7884
29 21 17  freq  0.7897
29 21  freq  0.7898
29 31 16 18 12 17  freq  0.8039
29 31 16 18 12  freq  0.804
29 31 16 18 17  freq  0.8042
29 31 16 18  freq  0.8043
29 31 16 12 17  freq  0.8055
29 31 16 12  freq  0.8056
29 31 16 17  freq  0.806
29 31 16  freq  0.8061
29 31 18 12 17  freq  0.8192
29 31 18 12  freq  0.8193
29 31 18 17  freq  0.8196
29 31 18  freq  0.8197
29 31 12 17  freq  0.8208
29 31 12  freq  0.8209
29 31 17  freq  0.8221
29 31  freq  0.8221
29 16 18 12 17  freq  0.8556
29 16 18 12  freq  0.8557
29 16 18 17  freq  0.856
29 16 18  freq  0.8561
29 16 12 17  freq  0.8575
29 16 12  freq  0.8576
29 16 17  freq  0.8581
29 16  freq  0.8582
29 18 12 17  freq  0.876
29 18 12  freq  0.8761
29 18 17  freq  0.8765
29 18  freq  0.8766
29 12 17  freq  0.8779
29 12  freq  0.878
29 17  freq  0.8794
29  freq  0.8795
21 31 16 18 12 17  freq  0.8174
21 31 16 18 12  freq  0.8174
21 31 16 18 17  freq  0.8177
21 31 16 18  freq  0.8178
21 31 16 12 17  freq  0.8189
21 31 16 12  freq  0.819
21 31 16 17  freq  0.8194
21 31 16  freq  0.8195
21 31 18 12 17  freq  0.8324
21 31 18 12  freq  0.8325
21 31 18 17  freq  0.8328
21 31 18  freq  0.8329
21 31 12 17  freq  0.834
21 31 12  freq  0.834
21 31 17  freq  0.8352
21 31  freq  0.8353
21 16 18 12 17  freq  0.8657
21 16 18 12  freq  0.8658
21 16 18 17  freq  0.8661
21 16 18  freq  0.8662
21 16 12 17  freq  0.8675
21 16 12  freq  0.8676
21 16 17  freq  0.8681
21 16  freq  0.8682
21 18 12 17  freq  0.8857
21 18 12  freq  0.8857
21 18 17  freq  0.8861
21 18  freq  0.8862
21 12 17  freq  0.8875
21 12  freq  0.8876
21 17  freq  0.889
21  freq  0.8891
31 16 18 12 17  freq  0.9154
31 16 18 12  freq  0.9155
31 16 18 17  freq  0.9158
31 16 18  freq  0.9159
31 16 12 17  freq  0.9171
31 16 12  freq  0.9172
31 16 17  freq  0.9177
31 16  freq  0.9178
31 18 12 17  freq  0.9317
31 18 12  freq  0.9317
31 18 17  freq  0.9321
31 18  freq  0.9322
31 12 17  freq  0.9334
31 12  freq  0.9334
31 17  freq  0.9348
31  freq  0.9348
16 18 12 17  freq  0.9744
16 18 12  freq  0.9744
16 18 17  freq  0.9748
16 18  freq  0.9749
16 12 17  freq  0.9763
16 12  freq  0.9764
16 17  freq  0.9771
16  freq  0.9772
18 12 17  freq  0.9962
18 12  freq  0.9963
18 17  freq  0.9967
18  freq  0.9968
12 17  freq  0.9982
12  freq  0.9983
17  freq  0.9999