0.4503
8 18 12 17  freq  0.7001
8 18 12  freq  0.7001
8 18 17  freq  0.7004
8 18  freq  0.7005
8 12 17  freq  0.7015
8 12  freq  0.7016
8 17  freq  0.7027
8  freq  0.7027
59 31 18 12 17  freq  0.7049
59 31 18 12  freq  0.7049
59 31 18 17  freq  0.705
59 31 18  freq  0.7051
59 31 12 17  freq  0.7061
59 31 12  freq  0.7062
59 31 17  freq  0.7063
59 31  freq  0.7064
59 16 18 12 17  freq  0.7108
59 16 18 12  freq  0.7109
59 16 18 17  freq  0.711
59 16 18  freq  0.711
59 16 12 17  freq  0.7122
59 16 12  freq  0.7122
59 16 17  freq  0.7123
59 16  freq  0.7124
59 18 12 17  freq  0.7224
59 18 12  freq  0.7225
59 18 17  freq  0.7226
59 18  freq  0.7226
59 12 17  freq  0.7237
59 12  freq  0.7238
59 17  freq  0.7239
59  freq  0.724
25 31 18 12 17  freq  0.7042
25 31 18 12  freq  0.7043
25 31 18 17  freq  0.7046
25 31 18  freq  0.7046
25 31 12 17  freq  0.7055
25 31 12  freq  0.7056
25 31 17  freq  0.7069
25 31  freq  0.7069
25 16 18 12 17  freq  0.7413
25 16 18 12  freq  0.7414
25 16 18 17  freq  0.7417
25 16 18  freq  0.7418
25 16 12 17  freq  0.7429
25 16 12  freq  0.7429
25 16 17  freq  0.7435
25 16  freq  0.7436
25 18 12 17  freq  0.7565
25 18 12  freq  0.7565
25 18 17  freq  0.7569
25 18  freq  0.757
25 12 17  freq  0.758
25 12  freq  0.7581
25 17  freq  0.7596
25  freq  0.7597
41 31 16 18 12 17  freq  0.736
41 31 16 18 12  freq  0.7361
41 31 16 18 17  freq  0.7362
41 31 16 18  freq  0.7363
41 31 16 12 17  freq  0.7374
41 31 16 12  freq  0.7375
41 31 16 17  freq  0.7377
41 31 16  freq  0.7378
41 31 18 12 17  freq  0.7483
41 31 18 12  freq  0.7484
41 31 18 17  freq  0.7485
41 31 18  freq  0.7486
41 31 12 17  freq  0.7497
41 31 12  freq  0.7498
41 31 17  freq  0.7507
41 31  freq  0.7508
41 16 18 12 17  freq  0.7609
41 16 18 12  freq  0.7609
41 16 18 17  freq  0.7611
41 16 18  freq  0.7612
41 16 12 17  freq  0.7624
41 16 12  freq  0.7625
41 16 17  freq  0.7628
41 16  freq  0.7628
41 18 12 17  freq  0.7751
41 18 12  freq  0.7752
41 18 17  freq  0.7754
41 18  freq  0.7755
41 12 17  freq  0.7767
41 12  freq  0.7768
41 17  freq  0.7777
41  freq  0.7778
28 31 16 18 12 17  freq  0.7364
28 31 16 18 12  freq  0.7365
28 31 16 18 17  freq  0.7367
28 31 16 18  freq  0.7368
28 31 16 12 17  freq  0.738
28 31 16 12  freq  0.7381
28 31 16 17  freq  0.7384
28 31 16  freq  0.7385
28 31 18 12 17  freq  0.7518
28 31 18 12  freq  0.7519
28 31 18 17  freq  0.7521
28 31 18  freq  0.7521
28 31 12 17  freq  0.7534
28 31 12  freq  0.7535
28 31 17  freq  0.7544
28 31  freq  0.7545
28 16 18 12 17  freq  0.7715
28 16 18 12  freq  0.7716
28 16 18 17  freq  0.7718
28 16 18  freq  0.7719
28 16 12 17  freq  0.7734
28 16 12  freq  0.7735
28 16 17  freq  0.7739
28 16  freq  0.7739
28 18 12 17  freq  0.7922
28 18 12  freq  0.7923
28 18 17  freq  0.7925
28 18  freq  0.7926
28 12 17  freq  0.7941
28 12  freq  0.7942
28 17  freq  0.7953
28  freq  0.7954
15 29 18 17  freq  0.7001
15 29 18  freq  0.7002
15 29 12 17  freq  0.7013
15 29 12  freq  0.7014
15 29 17  freq  0.7027
15 29  freq  0.7028
15 21 18 12 17  freq  0.7118
15 21 18 12  freq  0.7119
15 21 18 17  freq  0.7121
15 21 18  freq  0.7122
15 21 12 17  freq  0.7133
15 21 12  freq  0.7134
15 21 17  freq  0.7146
15 21  freq  0.7147
15 31 16 18 12 17  freq  0.7419
15 31 16 18 12  freq  0.742
15 31 16 18 17  freq  0.7422
15 31 16 18  freq  0.7422
15 31 16 12 17  freq  0.7434
15 31 16 12  freq  0.7434
15 31 16 17  freq  0.7438
15 31 16  freq  0.7439
15 31 18 12 17  freq  0.754
15 31 18 12  freq  0.754
15 31 18 17  freq  0.7542
15 31 18  freq  0.7543
15 31 12 17  freq  0.7554
15 31 12  freq  0.7555
15 31 17  freq  0.7566
15 31  freq  0.7567
15 16 18 12 17  freq  0.7827
15 16 18 12  freq  0.7828
15 16 18 17  freq  0.783
15 16 18  freq  0.7831
15 16 12 17  freq  0.7843
15 16 12  freq  0.7844
15 16 17  freq  0.7849
15 16  freq  0.785
15 18 12 17  freq  0.799
15 18 12  freq  0.7991
15 18 17  freq  0.7993
15 18  freq  0.7994
15 12 17  freq  0.8007
15 12  freq  0.8007
15 17  freq  0.8022
15  freq  0.8023
24 29 18 12 17  freq  0.7093
24 29 18 12  freq  0.7093
24 29 18 17  freq  0.7096
24 29 18  freq  0.7097
24 29 12 17  freq  0.7108
24 29 12  freq  0.7109
24 29 17  freq  0.712
24 29  freq  0.7121
24 21 18 12 17  freq  0.7091
24 21 18 12  freq  0.7091
24 21 18 17  freq  0.7094
24 21 18  freq  0.7095
24 21 12 17  freq  0.7106
24 21 12  freq  0.7106
24 21 17  freq  0.7117
24 21  freq  0.7118
24 31 16 18 12 17  freq  0.7399
24 31 16 18 12  freq  0.7399
24 31 16 18 17  freq  0.7402
24 31 16 18  freq  0.7403
24 31 16 12 17  freq  0.7413
24 31 16 12  freq  0.7414
24 31 16 17  freq  0.7418
24 31 16  freq  0.7418
24 31 18 12 17  freq  0.7532
24 31 18 12  freq  0.7533
24 31 18 17  freq  0.7536
24 31 18  freq  0.7536
24 31 12 17  freq  0.7547
24 31 12  freq  0.7547
24 31 17  freq  0.7558
24 31  freq  0.7558
24 16 18 12 17  freq  0.7852
24 16 18 12  freq  0.7852
24 16 18 17  freq  0.7856
24 16 18  freq  0.7856
24 16 12 17  freq  0.7868
24 16 12  freq  0.7869
24 16 17  freq  0.7874
24 16  freq  0.7875
24 18 12 17  freq  0.803
24 18 12  freq  0.8031
24 18 17  freq  0.8034
24 18  freq  0.8035
24 12 17  freq  0.8047
24 12  freq  0.8047
24 17  freq  0.806
24  freq  0.8061
27 43 16 12 17  freq  0.7002
27 43 16 12  freq  0.7003
27 43 16 17  freq  0.7007
27 43 16  freq  0.7007
27 43 18 12 17  freq  0.7123
27 43 18 12  freq  0.7124
27 43 18 17  freq  0.7126
27 43 18  freq  0.7127
27 43 12 17  freq  0.7136
27 43 12  freq  0.7137
27 43 17  freq  0.7147
27 43  freq  0.7148
27 29 21 18 12 17  freq  0.7037
27 29 21 18 12  freq  0.7038
27 29 21 18 17  freq  0.704
27 29 21 18  freq  0.7041
27 29 21 12 17  freq  0.7051
27 29 21 12  freq  0.7052
27 29 21 17  freq  0.7062
27 29 21  freq  0.7063
27 29 16 18 12 17  freq  0.7155
27 29 16 18 12  freq  0.7156
27 29 16 18 17  freq  0.7158
27 29 16 18  freq  0.7159
27 29 16 12 17  freq  0.717
27 29 16 12  freq  0.717
27 29 16 17  freq  0.7174
27 29 16  freq  0.7175
27 29 18 12 17  freq  0.7313
27 29 18 12  freq  0.7314
27 29 18 17  freq  0.7316
27 29 18  freq  0.7317
27 29 12 17  freq  0.7327
27 29 12  freq  0.7328
27 29 17  freq  0.7339
27 29  freq  0.734
27 21 31 16 18 12 17  freq  0.739
27 21 31 16 18 12  freq  0.7391
27 21 31 16 18 17  freq  0.7393
27 21 31 16 18  freq  0.7394
27 21 31 16 12 17  freq  0.7402
27 21 31 16 12  freq  0.7403
27 21 31 16 17  freq  0.7407
27 21 31 16  freq  0.7407
27 21 31 18 12 17  freq  0.7511
27 21 31 18 12  freq  0.7512
27 21 31 18 17  freq  0.7514
27 21 31 18  freq  0.7515
27 21 31 12 17  freq  0.7524
27 21 31 12  freq  0.7524
27 21 31 17  freq  0.7535
27 21 31  freq  0.7535
27 21 16 18 12 17  freq  0.7817
27 21 16 18 12  freq  0.7818
27 21 16 18 17  freq  0.782
27 21 16 18  freq  0.7821
27 21 16 12 17  freq  0.7832
27 21 16 12  freq  0.7833
27 21 16 17  freq  0.7837
27 21 16  freq  0.7838
27 21 18 12 17  freq  0.798
27 21 18 12  freq  0.7981
27 21 18 17  freq  0.7984
27 21 18  freq  0.7984
27 21 12 17  freq  0.7995
27 21 12  freq  0.7996
27 21 17  freq  0.8008
27 21  freq  0.8009
27 31 16 18 12 17  freq  0.7688
27 31 16 18 12  freq  0.7688
27 31 16 18 17  freq  0.7691
27 31 16 18  freq  0.7691
27 31 16 12 17  freq  0.77
27 31 16 12  freq  0.7701
27 31 16 17  freq  0.7705
27 31 16  freq  0.7705
27 31 18 12 17  freq  0.7813
27 31 18 12  freq  0.7814
27 31 18 17  freq  0.7816
27 31 18  freq  0.7817
27 31 12 17  freq  0.7826
27 31 12  freq  0.7827
27 31 17  freq  0.7837
27 31  freq  0.7838
27 16 18 12 17  freq  0.815
27 16 18 12  freq  0.815
27 16 18 17  freq  0.8153
27 16 18  freq  0.8154
27 16 12 17  freq  0.8165
27 16 12  freq  0.8166
27 16 17  freq  0.817
27 16  freq  0.8171
27 18 12 17  freq  0.832
27 18 12  freq  0.8321
27 18 17  freq  0.8324
27 18  freq  0.8325
27 12 17  freq  0.8335
27 12  freq  0.8336
27 17  freq  0.8349
27  freq  0.835
43 29 31 18 12 17  freq  0.7034
43 29 31 18 12  freq  0.7034
43 29 31 18 17  freq  0.7037
43 29 31 18  freq  0.7038
43 29 31 12 17  freq  0.7047
43 29 31 12  freq  0.7048
43 29 31 17  freq  0.7057
43 29 31  freq  0.7058
43 29 16 18 12 17  freq  0.7341
43 29 16 18 12  freq  0.7341
43 29 16 18 17  freq  0.7344
43 29 16 18  freq  0.7345
43 29 16 12 17  freq  0.7356
43 29 16 12  freq  0.7357
43 29 16 17  freq  0.7361
43 29 16  freq  0.7362
43 29 18 12 17  freq  0.7502
43 29 18 12  freq  0.7503
43 29 18 17  freq  0.7506
43 29 18  freq  0.7507
43 29 12 17  freq  0.7517
43 29 12  freq  0.7518
43 29 17  freq  0.753
43 29  freq  0.7531
43 21 31 16 18 12 17  freq  0.7011
43 21 31 16 18 12  freq  0.7011
43 21 31 16 18 17  freq  0.7014
43 21 31 16 18  freq  0.7015
43 21 31 16 12 17  freq  0.7023
43 21 31 16 12  freq  0.7024
43 21 31 16 17  freq  0.7028
43 21 31 16  freq  0.7029
43 21 31 18 12 17  freq  0.7132
43 21 31 18 12  freq  0.7132
43 21 31 18 17  freq  0.7135
43 21 31 18  freq  0.7136
43 21 31 12 17  freq  0.7144
43 21 31 12  freq  0.7145
43 21 31 17  freq  0.7155
43 21 31  freq  0.7156
43 21 16 18 12 17  freq  0.7409
43 21 16 18 12  freq  0.7409
43 21 16 18 17  freq  0.7412
43 21 16 18  freq  0.7413
43 21 16 12 17  freq  0.7423
43 21 16 12  freq  0.7424
43 21 16 17  freq  0.7429
43 21 16  freq  0.743
43 21 18 12 17  freq  0.7567
43 21 18 12  freq  0.7568
43 21 18 17  freq  0.7572
43 21 18  freq  0.7572
43 21 12 17  freq  0.7582
43 21 12  freq  0.7583
43 21 17  freq  0.7595
43 21  freq  0.7596
43 31 16 18 12 17  freq  0.7872
43 31 16 18 12  freq  0.7873
43 31 16 18 17  freq  0.7875
43 31 16 18  freq  0.7876
43 31 16 12 17  freq  0.7886
43 31 16 12  freq  0.7887
43 31 16 17  freq  0.7891
43 31 16  freq  0.7892
43 31 18 12 17  freq  0.8002
43 31 18 12  freq  0.8003
43 31 18 17  freq  0.8006
43 31 18  freq  0.8006
43 31 12 17  freq  0.8016
43 31 12  freq  0.8017
43 31 17  freq  0.8028
43 31  freq  0.8029
43 16 18 12 17  freq  0.8361
43 16 18 12  freq  0.8362
43 16 18 17  freq  0.8365
43 16 18  freq  0.8366
43 16 12 17  freq  0.8377
43 16 12  freq  0.8378
43 16 17  freq  0.8383
43 16  freq  0.8384
43 18 12 17  freq  0.8534
43 18 12  freq  0.8535
43 18 17  freq  0.8538
43 18  freq  0.8539
43 12 17  freq  0.855
43 12  freq  0.8551
43 17  freq  0.8565
43  freq  0.8566
29 21 31 16 18 12 17  freq  0.725
29 21 31 16 18 12  freq  0.7251
29 21 31 16 18 17  freq  0.7254
29 21 31 16 18  freq  0.7254
29 21 31 16 12 17  freq  0.7265
29 21 31 16 12  freq  0.7266
29 21 31 16 17  freq  0.727
29 21 31 16  freq  0.727
29 21 31 18 12 17  freq  0.7393
29 21 31 18 12  freq  0.7394
29 21 31 18 17  freq  0.7397
29 21 31 18  freq  0.7397
29 21 31 12 17  freq  0.7408
29 21 31 12  freq  0.7408
29 21 31 17  freq  0.7419
29 21 31  freq  0.742
29 21 16 18 12 17  freq  0.7679
29 21 16 18 12  freq  0.768
29 21 16 18 17  freq  0.7683
29 21 16 18  freq  0.7684
29 21 16 12 17  freq  0.7696
29 21 16 12  freq  0.7697
29 21 16 17  freq  0.7702
29 21 16  freq  0.7703
29 21 18 12 17  freq  0.7866
29 21 18 12  freq  0.7867
29 21 18 17  freq  0.787
29 21 18  freq  0.7871
29 21 12 17  freq  0.7883
29 21 12  freq  0.7884
29 21 17  freq  0.7897
29 21  freq  0.7898
29 31 16 18 12 17  freq  0.8039
29 31 16 18 12  freq  0.804
29 31 16 18 17  freq  0.8042
29 31 16 18  freq  0.8043
29 31 16 12 17  freq  0.8055
29 31 16 12  freq  0.8056
29 31 16 17  freq  0.806
29 31 16  freq  0.8061
29 31 18 12 17  freq  0.8192
29 31 18 12  freq  0.8193
29 31 18 17  freq  0.8196
29 31 18  freq  0.8197
29 31 12 17  freq  0.8208
29 31 12  freq  0.8209
29 31 17  freq  0.8221
29 31  freq  0.8221
29 16 18 12 17  freq  0.8556
29 16 18 12  freq  0.8557
29 16 18 17  freq  0.856
29 16 18  freq  0.8561
29 16 12 17  freq  0.8575
29 16 12  freq  0.8576
29 16 17  freq  0.8581
29 16  freq  0.8582
29 18 12 17  freq  0.876
29 18 12  freq  0.8761
29 18 17  freq  0.8765
29 18  freq  0.8766
29 12 17  freq  0.8779
29 12  freq  0.878
29 17  freq  0.8794
29  freq  0.8795
21 31 16 18 12 17  freq  0.8174
21 31 16 18 12  freq  0.8174
21 31 16 18 17  freq  0.8177
21 31 16 18  freq  0.8178
21 31 16 12 17  freq  0.8189
21 31 16 12  freq  0.819
21 31 16 17  freq  0.8194
21 31 16  freq  0.8195
21 31 18 12 17  freq  0.8324
21 31 18 12  freq  0.8325
21 31 18 17  freq  0.8328
21 31 18  freq  0.8329
21 31 12 17  freq  0.834
21 31 12  freq  0.834
21 31 17  freq  0.8352
21 31  freq  0.8353
21 16 18 12 17  freq  0.8657
21 16 18 12  freq  0.8658
21 16 18 17  freq  0.8661
21 16 18  freq  0.8662
21 16 12 17  freq  0.8675
21 16 12  freq  0.8676
21 16 17  freq  0.8681
21 16  freq  0.8682
21 18 12 17  freq  0.8857
21 18 12  freq  0.8857
21 18 17  freq  0.8861
21 18  freq  0.8862
21 12 17  freq  0.8875
21 12  freq  0.8876
21 17  freq  0.889
21  freq  0.8891
31 16 18 12 17  freq  0.9154
31 16 18 12  freq  0.9155
31 16 18 17  freq  0.9158
31 16 18  freq  0.9159
31 16 12 17  freq  0.9171
31 16 12  freq  0.9172
31 16 17  freq  0.9177
31 16  freq  0.9178
31 18 12 17  freq  0.9317
31 18 12  freq  0.9317
31 18 17  freq  0.9321
31 18  freq  0.9322
31 12 17  freq  0.9334
31 12  freq  0.9334
31 17  freq  0.9348
31  freq  0.9348
16 18 12 17  freq  0.9744
16 18 12  freq  0.9744
16 18 17  freq  0.9748
16 18  freq  0.9749
16 12 17  freq  0.9763
16 12  freq  0.9764
16 17  freq  0.9771
16  freq  0.9772
18 12 17  freq  0.9962
18 12  freq  0.9963
18 17  freq  0.9967
18  freq  0.9968
12 17  freq  0.9982
12  freq  0.9983
17  freq  0.9999